DateTime,Blocks Per Day,Height
11/8/2009,70,21108
12/8/2009,63,21171
13/8/2009,85,21256
14/8/2009,63,21319
15/8/2009,26,21345
16/8/2009,19,21364
17/8/2009,17,21381
18/8/2009,10,21391
19/8/2009,18,21409
20/8/2009,22,21431
21/8/2009,14,21445
22/8/2009,7,21452
23/8/2009,15,21467
24/8/2009,15,21482
25/8/2009,50,21532
26/8/2009,48,21580
27/8/2009,29,21609
28/8/2009,75,21684
29/8/2009,78,21762
30/8/2009,97,21859
31/8/2009,86,21945
1/9/2009,78,22023
2/9/2009,66,22089
3/9/2009,61,22150
4/9/2009,64,22214
5/9/2009,76,22290
6/9/2009,68,22358
7/9/2009,78,22436
8/9/2009,69,22505
9/9/2009,54,22559
10/9/2009,67,22626
11/9/2009,67,22693
12/9/2009,69,22762
13/9/2009,75,22837
14/9/2009,74,22911
15/9/2009,44,22955
16/9/2009,72,23027
17/9/2009,84,23111
18/9/2009,78,23189
19/9/2009,74,23263
20/9/2009,78,23341
21/9/2009,69,23410
22/9/2009,25,23435
23/9/2009,36,23471
24/9/2009,97,23568
25/9/2009,91,23659
26/9/2009,100,23759
27/9/2009,87,23846
28/9/2009,85,23931
29/9/2009,88,24019
30/9/2009,85,24104
1/10/2009,82,24186
2/10/2009,72,24258
3/10/2009,58,24316
4/10/2009,53,24369
5/10/2009,55,24424
6/10/2009,43,24467
7/10/2009,60,24527
8/10/2009,70,24597
9/10/2009,79,24676
10/10/2009,77,24753
11/10/2009,74,24827
12/10/2009,58,24885
13/10/2009,57,24942
14/10/2009,69,25011
15/10/2009,71,25082
16/10/2009,60,25142
17/10/2009,57,25199
18/10/2009,74,25273
19/10/2009,112,25385
20/10/2009,95,25480
21/10/2009,80,25560
22/10/2009,90,25650
23/10/2009,89,25739
24/10/2009,62,25801
25/10/2009,76,25877
26/10/2009,71,25948
27/10/2009,64,26012
28/10/2009,66,26078
29/10/2009,46,26124
30/10/2009,60,26184
31/10/2009,46,26230
1/11/2009,25,26255
2/11/2009,33,26288
3/11/2009,62,26350
4/11/2009,63,26413
5/11/2009,57,26470
6/11/2009,62,26532
7/11/2009,69,26601
8/11/2009,73,26674
9/11/2009,64,26738
10/11/2009,78,26816
11/11/2009,64,26880
12/11/2009,66,26946
13/11/2009,80,27026
14/11/2009,79,27105
15/11/2009,96,27201
16/11/2009,97,27298
17/11/2009,92,27390
18/11/2009,79,27469
19/11/2009,70,27539
20/11/2009,86,27625
21/11/2009,73,27698
22/11/2009,106,27804
23/11/2009,96,27900
24/11/2009,93,27993
25/11/2009,90,28083
26/11/2009,84,28167
27/11/2009,74,28241
28/11/2009,71,28312
29/11/2009,60,28372
30/11/2009,75,28447
1/12/2009,73,28520
2/12/2009,94,28614
3/12/2009,88,28702
4/12/2009,36,28738
5/12/2009,64,28802
6/12/2009,103,28905
7/12/2009,112,29017
8/12/2009,105,29122
9/12/2009,96,29218
10/12/2009,104,29322
11/12/2009,112,29434
12/12/2009,110,29544
13/12/2009,114,29658
14/12/2009,102,29760
15/12/2009,110,29870
16/12/2009,136,30006
17/12/2009,169,30175
18/12/2009,225,30400
19/12/2009,198,30598
20/12/2009,175,30773
21/12/2009,175,30948
22/12/2009,162,31110
23/12/2009,154,31264
24/12/2009,154,31418
25/12/2009,149,31567
26/12/2009,174,31741
27/12/2009,167,31908
28/12/2009,137,32045
29/12/2009,171,32216
30/12/2009,141,32357
31/12/2009,138,32495
1/1/2010,132,32627
2/1/2010,126,32753
3/1/2010,186,32939
4/1/2010,181,33120
5/1/2010,198,33318
6/1/2010,163,33481
7/1/2010,154,33635
8/1/2010,153,33788
9/1/2010,151,33939
10/1/2010,190,34129
11/1/2010,159,34288
12/1/2010,159,34447
13/1/2010,164,34611
14/1/2010,143,34754
15/1/2010,141,34895
16/1/2010,125,35020
17/1/2010,131,35151
18/1/2010,125,35276
19/1/2010,124,35400
20/1/2010,158,35558
21/1/2010,175,35733
22/1/2010,133,35866
23/1/2010,160,36026
24/1/2010,154,36180
25/1/2010,211,36391
26/1/2010,195,36586
27/1/2010,164,36750
28/1/2010,177,36927
29/1/2010,197,37124
30/1/2010,210,37334
31/1/2010,165,37499
1/2/2010,184,37683
2/2/2010,145,37828
3/2/2010,270,38098
4/2/2010,229,38327
5/2/2010,223,38550
6/2/2010,192,38742
7/2/2010,217,38959
8/2/2010,200,39159
9/2/2010,207,39366
10/2/2010,168,39534
11/2/2010,169,39703
12/2/2010,183,39886
13/2/2010,232,40118
14/2/2010,208,40326
15/2/2010,176,40502
16/2/2010,195,40697
17/2/2010,239,40936
18/2/2010,208,41144
19/2/2010,192,41336
20/2/2010,208,41544
21/2/2010,223,41767
22/2/2010,260,42027
23/2/2010,250,42277
24/2/2010,171,42448
25/2/2010,154,42602
26/2/2010,172,42774
27/2/2010,172,42946
28/2/2010,156,43102
1/3/2010,195,43297
2/3/2010,188,43485
3/3/2010,152,43637
4/3/2010,185,43822
5/3/2010,171,43993
6/3/2010,177,44170
7/3/2010,179,44349
8/3/2010,125,44474
9/3/2010,146,44620
10/3/2010,162,44782
11/3/2010,133,44915
12/3/2010,121,45036
13/3/2010,153,45189
14/3/2010,125,45314
15/3/2010,135,45449
16/3/2010,126,45575
17/3/2010,136,45711
18/3/2010,140,45851
19/3/2010,153,46004
20/3/2010,192,46196
21/3/2010,183,46379
22/3/2010,179,46558
23/3/2010,207,46765
24/3/2010,171,46936
25/3/2010,187,47123
26/3/2010,197,47320
27/3/2010,178,47498
28/3/2010,186,47684
29/3/2010,195,47879
30/3/2010,215,48094
31/3/2010,209,48303
1/4/2010,168,48471
2/4/2010,156,48627
3/4/2010,161,48788
4/4/2010,171,48959
5/4/2010,153,49112
6/4/2010,159,49271
7/4/2010,193,49464
8/4/2010,183,49647
9/4/2010,189,49836
10/4/2010,260,50096
11/4/2010,223,50319
12/4/2010,203,50522
13/4/2010,189,50711
14/4/2010,180,50891
15/4/2010,216,51107
16/4/2010,202,51309
17/4/2010,221,51530
18/4/2010,245,51775
19/4/2010,232,52007
20/4/2010,205,52212
21/4/2010,219,52431
22/4/2010,159,52590
23/4/2010,150,52740
24/4/2010,168,52908
25/4/2010,158,53066
26/4/2010,164,53230
27/4/2010,180,53410
28/4/2010,180,53590
29/4/2010,147,53737
30/4/2010,144,53881
1/5/2010,183,54064
2/5/2010,155,54219
3/5/2010,159,54378
4/5/2010,136,54514
5/5/2010,137,54651
6/5/2010,149,54800
7/5/2010,132,54932
8/5/2010,154,55086
9/5/2010,143,55229
10/5/2010,128,55357
11/5/2010,111,55468
12/5/2010,127,55595
13/5/2010,128,55723
14/5/2010,123,55846
15/5/2010,91,55937
16/5/2010,113,56050
17/5/2010,143,56193
18/5/2010,168,56361
19/5/2010,164,56525
20/5/2010,203,56728
21/5/2010,176,56904
22/5/2010,195,57099
23/5/2010,211,57310
24/5/2010,188,57498
25/5/2010,210,57708
26/5/2010,223,57931
27/5/2010,192,58123
28/5/2010,223,58346
29/5/2010,184,58530
30/5/2010,149,58679
31/5/2010,142,58821
1/6/2010,135,58956
2/6/2010,147,59103
3/6/2010,152,59255
4/6/2010,125,59380
5/6/2010,145,59525
6/6/2010,148,59673
7/6/2010,157,59830
8/6/2010,160,59990
9/6/2010,168,60158
10/6/2010,160,60318
11/6/2010,168,60486
12/6/2010,135,60621
13/6/2010,172,60793
14/6/2010,161,60954
15/6/2010,184,61138
16/6/2010,142,61280
17/6/2010,146,61426
18/6/2010,150,61576
19/6/2010,150,61726
20/6/2010,185,61911
21/6/2010,154,62065
22/6/2010,156,62221
23/6/2010,187,62408
24/6/2010,169,62577
25/6/2010,150,62727
26/6/2010,159,62886
27/6/2010,178,63064
28/6/2010,152,63216
29/6/2010,169,63385
30/6/2010,182,63567
1/7/2010,211,63778
2/7/2010,167,63945
3/7/2010,212,64157
4/7/2010,166,64323
5/7/2010,179,64502
6/7/2010,169,64671
7/7/2010,156,64827
8/7/2010,151,64978
9/7/2010,199,65177
10/7/2010,198,65375
11/7/2010,179,65554
12/7/2010,659,66213
13/7/2010,692,66905
14/7/2010,578,67483
15/7/2010,624,68107
16/7/2010,505,68612
17/7/2010,173,68785
18/7/2010,172,68957
19/7/2010,174,69131
20/7/2010,181,69312
21/7/2010,207,69519
22/7/2010,176,69695
23/7/2010,194,69889
24/7/2010,189,70078
25/7/2010,231,70309
26/7/2010,243,70552
27/7/2010,166,70718
28/7/2010,159,70877
29/7/2010,180,71057
30/7/2010,182,71239
31/7/2010,203,71442
1/8/2010,239,71681
2/8/2010,242,71923
3/8/2010,227,72150
4/8/2010,243,72393
5/8/2010,218,72611
6/8/2010,147,72758
7/8/2010,155,72913
8/8/2010,199,73112
9/8/2010,190,73302
10/8/2010,191,73493
11/8/2010,233,73726
12/8/2010,217,73943
13/8/2010,215,74158
14/8/2010,281,74439
15/8/2010,207,74646
16/8/2010,147,74793
17/8/2010,129,74922
18/8/2010,133,75055
19/8/2010,135,75190
20/8/2010,193,75383
21/8/2010,173,75556
22/8/2010,212,75768
23/8/2010,213,75981
24/8/2010,215,76196
25/8/2010,216,76412
26/8/2010,210,76622
27/8/2010,171,76793
28/8/2010,170,76963
29/8/2010,162,77125
30/8/2010,149,77274
31/8/2010,184,77458
1/9/2010,157,77615
2/9/2010,156,77771
3/9/2010,164,77935
4/9/2010,181,78116
5/9/2010,165,78281
6/9/2010,158,78439
7/9/2010,160,78599
8/9/2010,165,78764
9/9/2010,135,78899
10/9/2010,177,79076
11/9/2010,160,79236
12/9/2010,177,79413
13/9/2010,171,79584
14/9/2010,203,79787
15/9/2010,169,79956
16/9/2010,219,80175
17/9/2010,208,80383
18/9/2010,237,80620
19/9/2010,209,80829
20/9/2010,203,81032
21/9/2010,172,81204
22/9/2010,174,81378
23/9/2010,234,81612
24/9/2010,228,81840
25/9/2010,207,82047
26/9/2010,205,82252
27/9/2010,229,82481
28/9/2010,212,82693
29/9/2010,164,82857
30/9/2010,146,83003
1/10/2010,154,83157
2/10/2010,100,83257
3/10/2010,122,83379
4/10/2010,153,83532
5/10/2010,126,83658
6/10/2010,171,83829
7/10/2010,160,83989
8/10/2010,154,84143
9/10/2010,158,84301
10/10/2010,178,84479
11/10/2010,159,84638
12/10/2010,155,84793
13/10/2010,176,84969
14/10/2010,205,85174
15/10/2010,177,85351
16/10/2010,258,85609
17/10/2010,270,85879
18/10/2010,249,86128
19/10/2010,256,86384
20/10/2010,264,86648
21/10/2010,186,86834
22/10/2010,154,86988
23/10/2010,175,87163
24/10/2010,205,87368
25/10/2010,203,87571
26/10/2010,241,87812
27/10/2010,213,88025
28/10/2010,219,88244
29/10/2010,223,88467
30/10/2010,252,88719
31/10/2010,179,88898
1/11/2010,177,89075
2/11/2010,176,89251
3/11/2010,190,89441
4/11/2010,201,89642
5/11/2010,219,89861
6/11/2010,218,90079
7/11/2010,241,90320
8/11/2010,275,90595
9/11/2010,217,90812
10/11/2010,203,91015
11/11/2010,219,91234
12/11/2010,169,91403
13/11/2010,223,91626
14/11/2010,256,91882
15/11/2010,200,92082
16/11/2010,197,92279
17/11/2010,247,92526
18/11/2010,257,92783
19/11/2010,150,92933
20/11/2010,116,93049
21/11/2010,140,93189
22/11/2010,163,93352
23/11/2010,140,93492
24/11/2010,177,93669
25/11/2010,181,93850
26/11/2010,194,94044
27/11/2010,180,94224
28/11/2010,172,94396
29/11/2010,209,94605
30/11/2010,202,94807
1/12/2010,188,94995
2/12/2010,188,95183
3/12/2010,189,95372
4/12/2010,229,95601
5/12/2010,239,95840
6/12/2010,241,96081
7/12/2010,239,96320
8/12/2010,238,96558
9/12/2010,223,96781
10/12/2010,147,96928
11/12/2010,175,97103
12/12/2010,171,97274
13/12/2010,141,97415
14/12/2010,171,97586
15/12/2010,196,97782
16/12/2010,173,97955
17/12/2010,166,98121
18/12/2010,161,98282
19/12/2010,184,98466
20/12/2010,159,98625
21/12/2010,196,98821
22/12/2010,157,98978
23/12/2010,145,99123
24/12/2010,148,99271
25/12/2010,168,99439
26/12/2010,145,99584
27/12/2010,166,99750
28/12/2010,169,99919
29/12/2010,165,100084
30/12/2010,169,100253
31/12/2010,162,100415
1/1/2011,181,100596
2/1/2011,175,100771
3/1/2011,156,100927
4/1/2011,141,101068
5/1/2011,154,101222
6/1/2011,141,101363
7/1/2011,164,101527
8/1/2011,170,101697
9/1/2011,163,101860
10/1/2011,162,102022
11/1/2011,172,102194
12/1/2011,167,102361
13/1/2011,188,102549
14/1/2011,181,102730
15/1/2011,157,102887
16/1/2011,174,103061
17/1/2011,181,103242
18/1/2011,141,103383
19/1/2011,169,103552
20/1/2011,186,103738
21/1/2011,174,103912
22/1/2011,165,104077
23/1/2011,170,104247
24/1/2011,188,104435
25/1/2011,156,104591
26/1/2011,180,104771
27/1/2011,160,104931
28/1/2011,158,105089
29/1/2011,161,105250
30/1/2011,156,105406
31/1/2011,170,105576
1/2/2011,164,105740
2/2/2011,158,105898
3/2/2011,160,106058
4/2/2011,194,106252
5/2/2011,179,106431
6/2/2011,177,106608
7/2/2011,203,106811
8/2/2011,168,106979
9/2/2011,192,107171
10/2/2011,186,107357
11/2/2011,186,107543
12/2/2011,196,107739
13/2/2011,198,107937
14/2/2011,196,108133
15/2/2011,225,108358
16/2/2011,232,108590
17/2/2011,231,108821
18/2/2011,212,109033
19/2/2011,161,109194
20/2/2011,198,109392
21/2/2011,194,109586
22/2/2011,211,109797
23/2/2011,243,110040
24/2/2011,207,110247
25/2/2011,225,110472
26/2/2011,276,110748
27/2/2011,244,110992
28/2/2011,150,111142
1/3/2011,130,111272
2/3/2011,168,111440
3/3/2011,186,111626
4/3/2011,221,111847
5/3/2011,277,112124
6/3/2011,274,112398
7/3/2011,211,112609
8/3/2011,187,112796
9/3/2011,160,112956
10/3/2011,110,113066
11/3/2011,130,113196
12/3/2011,140,113336
13/3/2011,117,113453
14/3/2011,112,113565
15/3/2011,112,113677
16/3/2011,136,113813
17/3/2011,141,113954
18/3/2011,120,114074
19/3/2011,115,114189
20/3/2011,137,114326
21/3/2011,148,114474
22/3/2011,119,114593
23/3/2011,157,114750
24/3/2011,152,114902
25/3/2011,173,115075
26/3/2011,138,115213
27/3/2011,143,115356
28/3/2011,168,115524
29/3/2011,163,115687
30/3/2011,156,115843
31/3/2011,201,116044
1/4/2011,176,116220
2/4/2011,180,116400
3/4/2011,175,116575
4/4/2011,178,116753
5/4/2011,194,116947
6/4/2011,148,117095
7/4/2011,147,117242
8/4/2011,166,117408
9/4/2011,156,117564
10/4/2011,173,117737
11/4/2011,163,117900
12/4/2011,163,118063
13/4/2011,194,118257
14/4/2011,160,118417
15/4/2011,136,118553
16/4/2011,173,118726
17/4/2011,180,118906
18/4/2011,148,119054
19/4/2011,154,119208
20/4/2011,144,119352
21/4/2011,147,119499
22/4/2011,176,119675
23/4/2011,172,119847
24/4/2011,162,120009
25/4/2011,192,120201
26/4/2011,195,120396
27/4/2011,183,120579
28/4/2011,164,120743
29/4/2011,200,120943
30/4/2011,189,121132
1/5/2011,179,121311
2/5/2011,197,121508
3/5/2011,196,121704
4/5/2011,197,121901
5/5/2011,219,122120
6/5/2011,218,122338
7/5/2011,214,122552
8/5/2011,219,122771
9/5/2011,239,123010
10/5/2011,183,123193
11/5/2011,191,123384
12/5/2011,169,123553
13/5/2011,207,123760
14/5/2011,242,124002
15/5/2011,220,124222
16/5/2011,247,124469
17/5/2011,257,124726
18/5/2011,288,125014
19/5/2011,171,125185
20/5/2011,220,125405
21/5/2011,220,125625
22/5/2011,252,125877
23/5/2011,286,126163
24/5/2011,299,126462
25/5/2011,307,126769
26/5/2011,296,127065
27/5/2011,167,127232
28/5/2011,155,127387
29/5/2011,180,127567
30/5/2011,154,127721
31/5/2011,150,127871
1/6/2011,188,128059
2/6/2011,190,128249
3/6/2011,202,128451
4/6/2011,224,128675
5/6/2011,208,128883
6/6/2011,233,129116
7/6/2011,170,129286
8/6/2011,185,129471
9/6/2011,222,129693
10/6/2011,223,129916
11/6/2011,252,130168
12/6/2011,233,130401
13/6/2011,227,130628
14/6/2011,247,130875
15/6/2011,279,131154
16/6/2011,180,131334
17/6/2011,186,131520
18/6/2011,197,131717
19/6/2011,223,131940
20/6/2011,234,132174
21/6/2011,253,132427
22/6/2011,260,132687
23/6/2011,240,132927
24/6/2011,216,133143
25/6/2011,143,133286
26/6/2011,149,133435
27/6/2011,169,133604
28/6/2011,160,133764
29/6/2011,172,133936
30/6/2011,191,134127
1/7/2011,173,134300
2/7/2011,169,134469
3/7/2011,165,134634
4/7/2011,170,134804
5/7/2011,139,134943
6/7/2011,157,135100
7/7/2011,131,135231
8/7/2011,165,135396
9/7/2011,149,135545
10/7/2011,137,135682
11/7/2011,157,135839
12/7/2011,141,135980
13/7/2011,191,136171
14/7/2011,144,136315
15/7/2011,162,136477
16/7/2011,157,136634
17/7/2011,170,136804
18/7/2011,170,136974
19/7/2011,142,137116
20/7/2011,149,137265
21/7/2011,152,137417
22/7/2011,151,137568
23/7/2011,146,137714
24/7/2011,166,137880
25/7/2011,165,138045
26/7/2011,176,138221
27/7/2011,174,138395
28/7/2011,155,138550
29/7/2011,164,138714
30/7/2011,152,138866
31/7/2011,175,139041
1/8/2011,165,139206
2/8/2011,154,139360
3/8/2011,157,139517
4/8/2011,129,139646
5/8/2011,140,139786
6/8/2011,122,139908
7/8/2011,126,140034
8/8/2011,136,140170
9/8/2011,146,140316
10/8/2011,152,140468
11/8/2011,137,140605
12/8/2011,131,140736
13/8/2011,130,140866
14/8/2011,132,140998
15/8/2011,129,141127
16/8/2011,147,141274
17/8/2011,136,141410
18/8/2011,144,141554
19/8/2011,131,141685
20/8/2011,152,141837
21/8/2011,160,141997
22/8/2011,169,142166
23/8/2011,155,142321
24/8/2011,134,142455
25/8/2011,135,142590
26/8/2011,147,142737
27/8/2011,122,142859
28/8/2011,116,142975
29/8/2011,138,143113
30/8/2011,146,143259
31/8/2011,155,143414
1/9/2011,129,143543
2/9/2011,156,143699
3/9/2011,145,143844
4/9/2011,134,143978
5/9/2011,156,144134
6/9/2011,151,144285
7/9/2011,136,144421
8/9/2011,129,144550
9/9/2011,154,144704
10/9/2011,133,144837
11/9/2011,125,144962
12/9/2011,133,145095
13/9/2011,142,145237
14/9/2011,146,145383
15/9/2011,156,145539
16/9/2011,119,145658
17/9/2011,134,145792
18/9/2011,158,145950
19/9/2011,127,146077
20/9/2011,140,146217
21/9/2011,146,146363
22/9/2011,148,146511
23/9/2011,133,146644
24/9/2011,129,146773
25/9/2011,137,146910
26/9/2011,134,147044
27/9/2011,133,147177
28/9/2011,147,147324
29/9/2011,125,147449
30/9/2011,122,147571
1/10/2011,143,147714
2/10/2011,121,147835
3/10/2011,145,147980
4/10/2011,112,148092
5/10/2011,145,148237
6/10/2011,128,148365
7/10/2011,138,148503
8/10/2011,119,148622
9/10/2011,127,148749
10/10/2011,123,148872
11/10/2011,93,148965
12/10/2011,120,149085
13/10/2011,97,149182
14/10/2011,139,149321
15/10/2011,134,149455
16/10/2011,119,149574
17/10/2011,118,149692
18/10/2011,120,149812
19/10/2011,133,149945
20/10/2011,115,150060
21/10/2011,121,150181
22/10/2011,98,150279
23/10/2011,108,150387
24/10/2011,127,150514
25/10/2011,129,150643
26/10/2011,117,150760
27/10/2011,100,150860
28/10/2011,105,150965
29/10/2011,113,151078
30/10/2011,111,151189
31/10/2011,131,151320
1/11/2011,150,151470
2/11/2011,154,151624
3/11/2011,125,151749
4/11/2011,147,151896
5/11/2011,146,152042
6/11/2011,144,152186
7/11/2011,132,152318
8/11/2011,149,152467
9/11/2011,161,152628
10/11/2011,141,152769
11/11/2011,119,152888
12/11/2011,143,153031
13/11/2011,144,153175
14/11/2011,143,153318
15/11/2011,165,153483
16/11/2011,135,153618
17/11/2011,139,153757
18/11/2011,133,153890
19/11/2011,123,154013
20/11/2011,143,154156
21/11/2011,118,154274
22/11/2011,140,154414
23/11/2011,134,154548
24/11/2011,113,154661
25/11/2011,135,154796
26/11/2011,120,154916
27/11/2011,114,155030
28/11/2011,127,155157
29/11/2011,138,155295
30/11/2011,162,155457
1/12/2011,182,155639
2/12/2011,146,155785
3/12/2011,152,155937
4/12/2011,136,156073
5/12/2011,158,156231
6/12/2011,171,156402
7/12/2011,138,156540
8/12/2011,164,156704
9/12/2011,147,156851
10/12/2011,144,156995
11/12/2011,152,157147
12/12/2011,127,157274
13/12/2011,132,157406
14/12/2011,153,157559
15/12/2011,112,157671
16/12/2011,118,157789
17/12/2011,150,157939
18/12/2011,144,158083
19/12/2011,159,158242
20/12/2011,134,158376
21/12/2011,149,158525
22/12/2011,148,158673
23/12/2011,142,158815
24/12/2011,145,158960
25/12/2011,174,159134
26/12/2011,177,159311
27/12/2011,145,159456
28/12/2011,155,159611
29/12/2011,138,159749
30/12/2011,142,159891
31/12/2011,151,160042
1/1/2012,153,160195
2/1/2012,151,160346
3/1/2012,159,160505
4/1/2012,149,160654
5/1/2012,147,160801
6/1/2012,171,160972
7/1/2012,184,161156
8/1/2012,163,161319
9/1/2012,164,161483
10/1/2012,141,161624
11/1/2012,153,161777
12/1/2012,155,161932
13/1/2012,140,162072
14/1/2012,150,162222
15/1/2012,139,162361
16/1/2012,175,162536
17/1/2012,157,162693
18/1/2012,128,162821
19/1/2012,150,162971
20/1/2012,145,163116
21/1/2012,164,163280
22/1/2012,136,163416
23/1/2012,170,163586
24/1/2012,139,163725
25/1/2012,148,163873
26/1/2012,138,164011
27/1/2012,141,164152
28/1/2012,145,164297
29/1/2012,167,164464
30/1/2012,172,164636
31/1/2012,150,164786
1/2/2012,141,164927
2/2/2012,159,165086
3/2/2012,158,165244
4/2/2012,157,165401
5/2/2012,142,165543
6/2/2012,146,165689
7/2/2012,137,165826
8/2/2012,145,165971
9/2/2012,145,166116
10/2/2012,138,166254
11/2/2012,150,166404
12/2/2012,158,166562
13/2/2012,137,166699
14/2/2012,138,166837
15/2/2012,134,166971
16/2/2012,138,167109
17/2/2012,152,167261
18/2/2012,171,167432
19/2/2012,158,167590
20/2/2012,140,167730
21/2/2012,129,167859
22/2/2012,159,168018
23/2/2012,166,168184
24/2/2012,149,168333
25/2/2012,165,168498
26/2/2012,150,168648
27/2/2012,154,168802
28/2/2012,160,168962
29/2/2012,179,169141
1/3/2012,151,169292
2/3/2012,134,169426
3/3/2012,113,169539
4/3/2012,137,169676
5/3/2012,145,169821
6/3/2012,137,169958
7/3/2012,154,170112
8/3/2012,156,170268
9/3/2012,168,170436
10/3/2012,165,170601
11/3/2012,134,170735
12/3/2012,166,170901
13/3/2012,160,171061
14/3/2012,137,171198
15/3/2012,121,171319
16/3/2012,153,171472
17/3/2012,170,171642
18/3/2012,160,171802
19/3/2012,143,171945
20/3/2012,160,172105
21/3/2012,158,172263
22/3/2012,158,172421
23/3/2012,126,172547
24/3/2012,184,172731
25/3/2012,157,172888
26/3/2012,151,173039
27/3/2012,156,173195
28/3/2012,150,173345
29/3/2012,141,173486
30/3/2012,154,173640
31/3/2012,170,173810
1/4/2012,142,173952
2/4/2012,116,174068
3/4/2012,133,174201
4/4/2012,137,174338
5/4/2012,117,174455
6/4/2012,136,174591
7/4/2012,129,174720
8/4/2012,150,174870
9/4/2012,146,175016
10/4/2012,147,175163
11/4/2012,141,175304
12/4/2012,127,175431
13/4/2012,123,175554
14/4/2012,139,175693
15/4/2012,107,175800
16/4/2012,150,175950
17/4/2012,135,176085
18/4/2012,130,176215
19/4/2012,157,176372
20/4/2012,154,176526
21/4/2012,154,176680
22/4/2012,140,176820
23/4/2012,135,176955
24/4/2012,138,177093
25/4/2012,127,177220
26/4/2012,155,177375
27/4/2012,135,177510
28/4/2012,152,177662
29/4/2012,179,177841
30/4/2012,179,178020
1/5/2012,170,178190
2/5/2012,150,178340
3/5/2012,157,178497
4/5/2012,161,178658
5/5/2012,167,178825
6/5/2012,164,178989
7/5/2012,170,179159
8/5/2012,176,179335
9/5/2012,166,179501
10/5/2012,129,179630
11/5/2012,143,179773
12/5/2012,128,179901
13/5/2012,140,180041
14/5/2012,139,180180
15/5/2012,130,180310
16/5/2012,121,180431
17/5/2012,116,180547
18/5/2012,145,180692
19/5/2012,149,180841
20/5/2012,138,180979
21/5/2012,126,181105
22/5/2012,115,181220
23/5/2012,130,181350
24/5/2012,125,181475
25/5/2012,121,181596
26/5/2012,142,181738
27/5/2012,159,181897
28/5/2012,142,182039
29/5/2012,126,182165
30/5/2012,131,182296
31/5/2012,138,182434
1/6/2012,152,182586
2/6/2012,160,182746
3/6/2012,153,182899
4/6/2012,155,183054
5/6/2012,147,183201
6/6/2012,153,183354
7/6/2012,139,183493
8/6/2012,141,183634
9/6/2012,171,183805
10/6/2012,166,183971
11/6/2012,140,184111
12/6/2012,156,184267
13/6/2012,150,184417
14/6/2012,156,184573
15/6/2012,159,184732
16/6/2012,156,184888
17/6/2012,164,185052
18/6/2012,175,185227
19/6/2012,147,185374
20/6/2012,145,185519
21/6/2012,136,185655
22/6/2012,138,185793
23/6/2012,164,185957
24/6/2012,131,186088
25/6/2012,154,186242
26/6/2012,149,186391
27/6/2012,163,186554
28/6/2012,137,186691
29/6/2012,146,186837
30/6/2012,132,186969
1/7/2012,142,187111
2/7/2012,152,187263
3/7/2012,160,187423
4/7/2012,150,187573
5/7/2012,144,187717
6/7/2012,155,187872
7/7/2012,166,188038
8/7/2012,153,188191
9/7/2012,163,188354
10/7/2012,150,188504
11/7/2012,134,188638
12/7/2012,150,188788
13/7/2012,163,188951
14/7/2012,161,189112
15/7/2012,140,189252
16/7/2012,150,189402
17/7/2012,172,189574
18/7/2012,155,189729
19/7/2012,135,189864
20/7/2012,148,190012
21/7/2012,141,190153
22/7/2012,155,190308
23/7/2012,141,190449
24/7/2012,161,190610
25/7/2012,160,190770
26/7/2012,169,190939
27/7/2012,178,191117
28/7/2012,153,191270
29/7/2012,166,191436
30/7/2012,176,191612
31/7/2012,130,191742
1/8/2012,134,191876
2/8/2012,165,192041
3/8/2012,162,192203
4/8/2012,156,192359
5/8/2012,139,192498
6/8/2012,140,192638
7/8/2012,164,192802
8/8/2012,166,192968
9/8/2012,170,193138
10/8/2012,156,193294
11/8/2012,168,193462
12/8/2012,159,193621
13/8/2012,160,193781
14/8/2012,157,193938
15/8/2012,167,194105
16/8/2012,154,194259
17/8/2012,138,194397
18/8/2012,151,194548
19/8/2012,182,194730
20/8/2012,174,194904
21/8/2012,173,195077
22/8/2012,156,195233
23/8/2012,165,195398
24/8/2012,148,195546
25/8/2012,138,195684
26/8/2012,179,195863
27/8/2012,145,196008
28/8/2012,151,196159
29/8/2012,168,196327
30/8/2012,154,196481
31/8/2012,140,196621
1/9/2012,161,196782
2/9/2012,164,196946
3/9/2012,157,197103
4/9/2012,153,197256
5/9/2012,180,197436
6/9/2012,171,197607
7/9/2012,168,197775
8/9/2012,145,197920
9/9/2012,159,198079
10/9/2012,150,198229
11/9/2012,145,198374
12/9/2012,155,198529
13/9/2012,130,198659
14/9/2012,162,198821
15/9/2012,144,198965
16/9/2012,161,199126
17/9/2012,168,199294
18/9/2012,167,199461
19/9/2012,141,199602
20/9/2012,152,199754
21/9/2012,169,199923
22/9/2012,157,200080
23/9/2012,158,200238
24/9/2012,153,200391
25/9/2012,139,200530
26/9/2012,140,200670
27/9/2012,161,200831
28/9/2012,158,200989
29/9/2012,168,201157
30/9/2012,159,201316
1/10/2012,131,201447
2/10/2012,146,201593
3/10/2012,133,201726
4/10/2012,131,201857
5/10/2012,136,201993
6/10/2012,155,202148
7/10/2012,125,202273
8/10/2012,178,202451
9/10/2012,142,202593
10/10/2012,149,202742
11/10/2012,138,202880
12/10/2012,149,203029
13/10/2012,148,203177
14/10/2012,127,203304
15/10/2012,169,203473
16/10/2012,155,203628
17/10/2012,142,203770
18/10/2012,157,203927
19/10/2012,135,204062
20/10/2012,158,204220
21/10/2012,161,204381
22/10/2012,157,204538
23/10/2012,130,204668
24/10/2012,162,204830
25/10/2012,143,204973
26/10/2012,165,205138
27/10/2012,175,205313
28/10/2012,166,205479
29/10/2012,158,205637
30/10/2012,143,205780
31/10/2012,144,205924
1/11/2012,137,206061
2/11/2012,143,206204
3/11/2012,146,206350
4/11/2012,157,206507
5/11/2012,160,206667
6/11/2012,135,206802
7/11/2012,157,206959
8/11/2012,154,207113
9/11/2012,152,207265
10/11/2012,144,207409
11/11/2012,147,207556
12/11/2012,132,207688
13/11/2012,140,207828
14/11/2012,143,207971
15/11/2012,136,208107
16/11/2012,145,208252
17/11/2012,140,208392
18/11/2012,146,208538
19/11/2012,146,208684
20/11/2012,147,208831
21/11/2012,152,208983
22/11/2012,144,209127
23/11/2012,163,209290
24/11/2012,151,209441
25/11/2012,146,209587
26/11/2012,157,209744
27/11/2012,148,209892
28/11/2012,172,210064
29/11/2012,166,210230
30/11/2012,125,210355
1/12/2012,167,210522
2/12/2012,143,210665
3/12/2012,147,210812
4/12/2012,112,210924
5/12/2012,122,211046
6/12/2012,137,211183
7/12/2012,129,211312
8/12/2012,138,211450
9/12/2012,126,211576
10/12/2012,143,211719
11/12/2012,144,211863
12/12/2012,130,211993
13/12/2012,131,212124
14/12/2012,106,212230
15/12/2012,116,212346
16/12/2012,111,212457
17/12/2012,134,212591
18/12/2012,125,212716
19/12/2012,142,212858
20/12/2012,106,212964
21/12/2012,126,213090
22/12/2012,153,213243
23/12/2012,122,213365
24/12/2012,132,213497
25/12/2012,124,213621
26/12/2012,154,213775
27/12/2012,156,213931
28/12/2012,169,214100
29/12/2012,144,214244
30/12/2012,166,214410
31/12/2012,158,214568
1/1/2013,162,214730
2/1/2013,153,214883
3/1/2013,162,215045
4/1/2013,153,215198
5/1/2013,141,215339
6/1/2013,145,215484
7/1/2013,168,215652
8/1/2013,133,215785
9/1/2013,130,215915
10/1/2013,147,216062
11/1/2013,117,216179
12/1/2013,122,216301
13/1/2013,133,216434
14/1/2013,157,216591
15/1/2013,121,216712
16/1/2013,131,216843
17/1/2013,111,216954
18/1/2013,121,217075
19/1/2013,154,217229
20/1/2013,130,217359
21/1/2013,132,217491
22/1/2013,144,217635
23/1/2013,126,217761
24/1/2013,156,217917
25/1/2013,137,218054
26/1/2013,156,218210
27/1/2013,151,218361
28/1/2013,147,218508
29/1/2013,158,218666
30/1/2013,153,218819
31/1/2013,193,219012
1/2/2013,147,219159
2/2/2013,153,219312
3/2/2013,186,219498
4/2/2013,164,219662
5/2/2013,167,219829
6/2/2013,146,219975
7/2/2013,154,220129
8/2/2013,151,220280
9/2/2013,143,220423
10/2/2013,161,220584
11/2/2013,159,220743
12/2/2013,139,220882
13/2/2013,171,221053
14/2/2013,151,221204
15/2/2013,179,221383
16/2/2013,189,221572
17/2/2013,188,221760
18/2/2013,161,221921
19/2/2013,159,222080
20/2/2013,193,222273
21/2/2013,176,222449
22/2/2013,170,222619
23/2/2013,164,222783
24/2/2013,156,222939
25/2/2013,204,223143
26/2/2013,166,223309
27/2/2013,193,223502
28/2/2013,168,223670
1/3/2013,152,223822
2/3/2013,145,223967
3/3/2013,161,224128
4/3/2013,179,224307
5/3/2013,139,224446
6/3/2013,155,224601
7/3/2013,160,224761
8/3/2013,160,224921
9/3/2013,169,225090
10/3/2013,183,225273
11/3/2013,164,225437
12/3/2013,135,225572
13/3/2013,157,225729
14/3/2013,179,225908
15/3/2013,172,226080
16/3/2013,175,226255
17/3/2013,209,226464
18/3/2013,190,226654
19/3/2013,170,226824
20/3/2013,211,227035
21/3/2013,218,227253
22/3/2013,229,227482
23/3/2013,217,227699
24/3/2013,189,227888
25/3/2013,144,228032
26/3/2013,151,228183
27/3/2013,131,228314
28/3/2013,183,228497
29/3/2013,174,228671
30/3/2013,173,228844
31/3/2013,169,229013
1/4/2013,198,229211
2/4/2013,181,229392
3/4/2013,175,229567
4/4/2013,154,229721
5/4/2013,158,229879
6/4/2013,163,230042
7/4/2013,164,230206
8/4/2013,155,230361
9/4/2013,176,230537
10/4/2013,191,230728
11/4/2013,160,230888
12/4/2013,173,231061
13/4/2013,167,231228
14/4/2013,153,231381
15/4/2013,164,231545
16/4/2013,177,231722
17/4/2013,171,231893
18/4/2013,147,232040
19/4/2013,137,232177
20/4/2013,154,232331
21/4/2013,176,232507
22/4/2013,153,232660
23/4/2013,168,232828
24/4/2013,162,232990
25/4/2013,172,233162
26/4/2013,171,233333
27/4/2013,147,233480
28/4/2013,177,233657
29/4/2013,174,233831
30/4/2013,149,233980
1/5/2013,151,234131
2/5/2013,134,234265
3/5/2013,137,234402
4/5/2013,159,234561
5/5/2013,165,234726
6/5/2013,166,234892
7/5/2013,168,235060
8/5/2013,165,235225
9/5/2013,164,235389
10/5/2013,172,235561
11/5/2013,182,235743
12/5/2013,168,235911
13/5/2013,174,236085
14/5/2013,154,236239
15/5/2013,141,236380
16/5/2013,148,236528
17/5/2013,161,236689
18/5/2013,149,236838
19/5/2013,156,236994
20/5/2013,129,237123
21/5/2013,151,237274
22/5/2013,156,237430
23/5/2013,174,237604
24/5/2013,169,237773
25/5/2013,165,237938
26/5/2013,163,238101
27/5/2013,176,238277
28/5/2013,158,238435
29/5/2013,168,238603
30/5/2013,179,238782
31/5/2013,175,238957
1/6/2013,213,239170
2/6/2013,199,239369
3/6/2013,213,239582
4/6/2013,213,239795
5/6/2013,184,239979
6/6/2013,181,240160
7/6/2013,161,240321
8/6/2013,181,240502
9/6/2013,159,240661
10/6/2013,174,240835
11/6/2013,180,241015
12/6/2013,203,241218
13/6/2013,186,241404
14/6/2013,180,241584
15/6/2013,173,241757
16/6/2013,185,241942
17/6/2013,145,242087
18/6/2013,140,242227
19/6/2013,136,242363
20/6/2013,154,242517
21/6/2013,168,242685
22/6/2013,176,242861
23/6/2013,165,243026
24/6/2013,150,243176
25/6/2013,157,243333
26/6/2013,174,243507
27/6/2013,167,243674
28/6/2013,169,243843
29/6/2013,169,244012
30/6/2013,153,244165
1/7/2013,157,244322
2/7/2013,153,244475
3/7/2013,184,244659
4/7/2013,165,244824
5/7/2013,186,245010
6/7/2013,187,245197
7/7/2013,186,245383
8/7/2013,192,245575
9/7/2013,185,245760
10/7/2013,195,245955
11/7/2013,174,246129
12/7/2013,154,246283
13/7/2013,157,246440
14/7/2013,172,246612
15/7/2013,164,246776
16/7/2013,164,246940
17/7/2013,184,247124
18/7/2013,161,247285
19/7/2013,171,247456
20/7/2013,186,247642
21/7/2013,199,247841
22/7/2013,165,248006
23/7/2013,141,248147
24/7/2013,159,248306
25/7/2013,146,248452
26/7/2013,164,248616
27/7/2013,181,248797
28/7/2013,168,248965
29/7/2013,178,249143
30/7/2013,197,249340
31/7/2013,190,249530
1/8/2013,177,249707
2/8/2013,192,249899
3/8/2013,170,250069
4/8/2013,179,250248
5/8/2013,189,250437
6/8/2013,190,250627
7/8/2013,186,250813
8/8/2013,205,251018
9/8/2013,195,251213
10/8/2013,210,251423
11/8/2013,216,251639
12/8/2013,216,251855
13/8/2013,183,252038
14/8/2013,168,252206
15/8/2013,170,252376
16/8/2013,168,252544
17/8/2013,190,252734
18/8/2013,194,252928
19/8/2013,177,253105
20/8/2013,190,253295
21/8/2013,196,253491
22/8/2013,216,253707
23/8/2013,196,253903
24/8/2013,183,254086
25/8/2013,151,254237
26/8/2013,166,254403
27/8/2013,169,254572
28/8/2013,178,254750
29/8/2013,189,254939
30/8/2013,205,255144
31/8/2013,223,255367
1/9/2013,221,255588
2/9/2013,215,255803
3/9/2013,194,255997
4/9/2013,163,256160
5/9/2013,179,256339
6/9/2013,185,256524
7/9/2013,145,256669
8/9/2013,157,256826
9/9/2013,203,257029
10/9/2013,191,257220
11/9/2013,200,257420
12/9/2013,213,257633
13/9/2013,204,257837
14/9/2013,218,258055
15/9/2013,181,258236
16/9/2013,154,258390
17/9/2013,179,258569
18/9/2013,165,258734
19/9/2013,190,258924
20/9/2013,200,259124
21/9/2013,189,259313
22/9/2013,203,259516
23/9/2013,210,259726
24/9/2013,212,259938
25/9/2013,206,260144
26/9/2013,162,260306
27/9/2013,178,260484
28/9/2013,177,260661
29/9/2013,170,260831
30/9/2013,163,260994
1/10/2013,187,261181
2/10/2013,191,261372
3/10/2013,199,261571
4/10/2013,180,261751
5/10/2013,219,261970
6/10/2013,185,262155
7/10/2013,156,262311
8/10/2013,162,262473
9/10/2013,178,262651
10/10/2013,192,262843
11/10/2013,185,263028
12/10/2013,214,263242
13/10/2013,221,263463
14/10/2013,250,263713
15/10/2013,260,263973
16/10/2013,210,264183
17/10/2013,167,264350
18/10/2013,192,264542
19/10/2013,223,264765
20/10/2013,199,264964
21/10/2013,211,265175
22/10/2013,245,265420
23/10/2013,221,265641
24/10/2013,215,265856
25/10/2013,235,266091
26/10/2013,182,266273
27/10/2013,179,266452
28/10/2013,175,266627
29/10/2013,160,266787
30/10/2013,195,266982
31/10/2013,211,267193
1/11/2013,208,267401
2/11/2013,202,267603
3/11/2013,192,267795
4/11/2013,195,267990
5/11/2013,174,268164
6/11/2013,163,268327
7/11/2013,144,268471
8/11/2013,134,268605
9/11/2013,148,268753
10/11/2013,171,268924
11/11/2013,187,269111
12/11/2013,201,269312
13/11/2013,168,269480
14/11/2013,183,269663
15/11/2013,166,269829
16/11/2013,194,270023
17/11/2013,186,270209
18/11/2013,156,270365
19/11/2013,161,270526
20/11/2013,164,270690
21/11/2013,150,270840
22/11/2013,172,271012
23/11/2013,170,271182
24/11/2013,168,271350
25/11/2013,173,271523
26/11/2013,159,271682
27/11/2013,173,271855
28/11/2013,181,272036
29/11/2013,173,272209
30/11/2013,176,272385
1/12/2013,195,272580
2/12/2013,159,272739
3/12/2013,200,272939
4/12/2013,171,273110
5/12/2013,170,273280
6/12/2013,208,273488
7/12/2013,195,273683
8/12/2013,195,273878
9/12/2013,176,274054
10/12/2013,192,274246
11/12/2013,165,274411
12/12/2013,163,274574
13/12/2013,174,274748
14/12/2013,198,274946
15/12/2013,177,275123
16/12/2013,201,275324
17/12/2013,203,275527
18/12/2013,199,275726
19/12/2013,226,275952
20/12/2013,178,276130
21/12/2013,161,276291
22/12/2013,169,276460
23/12/2013,171,276631
24/12/2013,169,276800
25/12/2013,162,276962
26/12/2013,180,277142
27/12/2013,184,277326
28/12/2013,150,277476
29/12/2013,168,277644
30/12/2013,173,277817
31/12/2013,184,278001
1/1/2014,205,278206
2/1/2014,134,278340
3/1/2014,161,278501
4/1/2014,141,278642
5/1/2014,193,278835
6/1/2014,186,279021
7/1/2014,177,279198
8/1/2014,193,279391
9/1/2014,207,279598
10/1/2014,187,279785
11/1/2014,210,279995
12/1/2014,207,280202
13/1/2014,169,280371
14/1/2014,162,280533
15/1/2014,184,280717
16/1/2014,185,280902
17/1/2014,152,281054
18/1/2014,174,281228
19/1/2014,169,281397
20/1/2014,195,281592
21/1/2014,166,281758
22/1/2014,192,281950
23/1/2014,177,282127
24/1/2014,189,282316
25/1/2014,165,282481
26/1/2014,152,282633
27/1/2014,174,282807
28/1/2014,154,282961
29/1/2014,152,283113
30/1/2014,176,283289
31/1/2014,184,283473
1/2/2014,189,283662
2/2/2014,186,283848
3/2/2014,181,284029
4/2/2014,172,284201
5/2/2014,168,284369
6/2/2014,182,284551
7/2/2014,155,284706
8/2/2014,182,284888
9/2/2014,138,285026
10/2/2014,156,285182
11/2/2014,164,285346
12/2/2014,178,285524
13/2/2014,178,285702
14/2/2014,191,285893
15/2/2014,187,286080
16/2/2014,195,286275
17/2/2014,155,286430
18/2/2014,163,286593
19/2/2014,200,286793
20/2/2014,177,286970
21/2/2014,152,287122
22/2/2014,180,287302
23/2/2014,168,287470
24/2/2014,191,287661
25/2/2014,161,287822
26/2/2014,184,288006
27/2/2014,188,288194
28/2/2014,181,288375
1/3/2014,144,288519
2/3/2014,140,288659
3/3/2014,148,288807
4/3/2014,149,288956
5/3/2014,156,289112
6/3/2014,173,289285
7/3/2014,166,289451
8/3/2014,168,289619
9/3/2014,179,289798
10/3/2014,149,289947
11/3/2014,168,290115
12/3/2014,182,290297
13/3/2014,162,290459
14/3/2014,133,290592
15/3/2014,165,290757
16/3/2014,171,290928
17/3/2014,161,291089
18/3/2014,146,291235
19/3/2014,160,291395
20/3/2014,177,291572
21/3/2014,186,291758
22/3/2014,170,291928
23/3/2014,214,292142
24/3/2014,188,292330
25/3/2014,157,292487
26/3/2014,159,292646
27/3/2014,173,292819
28/3/2014,174,292993
29/3/2014,175,293168
30/3/2014,140,293308
31/3/2014,180,293488
1/4/2014,171,293659
2/4/2014,197,293856
3/4/2014,204,294060
4/4/2014,195,294255
5/4/2014,171,294426
6/4/2014,151,294577
7/4/2014,151,294728
8/4/2014,134,294862
9/4/2014,161,295023
10/4/2014,155,295178
11/4/2014,169,295347
12/4/2014,161,295508
13/4/2014,187,295695
14/4/2014,193,295888
15/4/2014,182,296070
16/4/2014,159,296229
17/4/2014,169,296398
18/4/2014,160,296558
19/4/2014,159,296717
20/4/2014,178,296895
21/4/2014,171,297066
22/4/2014,154,297220
23/4/2014,165,297385
24/4/2014,151,297536
25/4/2014,182,297718
26/4/2014,163,297881
27/4/2014,177,298058
28/4/2014,152,298210
29/4/2014,171,298381
30/4/2014,137,298518
1/5/2014,176,298694
2/5/2014,161,298855
3/5/2014,142,298997
4/5/2014,151,299148
5/5/2014,125,299273
6/5/2014,194,299467
7/5/2014,159,299626
8/5/2014,167,299793
9/5/2014,170,299963
10/5/2014,179,300142
11/5/2014,152,300294
12/5/2014,164,300458
13/5/2014,162,300620
14/5/2014,150,300770
15/5/2014,171,300941
16/5/2014,181,301122
17/5/2014,173,301295
18/5/2014,172,301467
19/5/2014,168,301635
20/5/2014,177,301812
21/5/2014,175,301987
22/5/2014,172,302159
23/5/2014,165,302324
24/5/2014,154,302478
25/5/2014,161,302639
26/5/2014,158,302797
27/5/2014,136,302933
28/5/2014,169,303102
29/5/2014,141,303243
30/5/2014,167,303410
31/5/2014,147,303557
1/6/2014,175,303732
2/6/2014,193,303925
3/6/2014,178,304103
4/6/2014,181,304284
5/6/2014,152,304436
6/6/2014,139,304575
7/6/2014,155,304730
8/6/2014,136,304866
9/6/2014,156,305022
10/6/2014,167,305189
11/6/2014,146,305335
12/6/2014,172,305507
13/6/2014,163,305670
14/6/2014,178,305848
15/6/2014,190,306038
16/6/2014,188,306226
17/6/2014,184,306410
18/6/2014,158,306568
19/6/2014,167,306735
20/6/2014,186,306921
21/6/2014,186,307107
22/6/2014,180,307287
23/6/2014,176,307463
24/6/2014,188,307651
25/6/2014,187,307838
26/6/2014,171,308009
27/6/2014,197,308206
28/6/2014,182,308388
29/6/2014,157,308545
30/6/2014,132,308677
1/7/2014,133,308810
2/7/2014,137,308947
3/7/2014,139,309086
4/7/2014,166,309252
5/7/2014,152,309404
6/7/2014,142,309546
7/7/2014,150,309696
8/7/2014,150,309846
9/7/2014,166,310012
10/7/2014,149,310161
11/7/2014,156,310317
12/7/2014,157,310474
13/7/2014,160,310634
14/7/2014,135,310769
15/7/2014,159,310928
16/7/2014,144,311072
17/7/2014,172,311244
18/7/2014,172,311416
19/7/2014,177,311593
20/7/2014,155,311748
21/7/2014,155,311903
22/7/2014,142,312045
23/7/2014,146,312191
24/7/2014,143,312334
25/7/2014,163,312497
26/7/2014,134,312631
27/7/2014,153,312784
28/7/2014,150,312934
29/7/2014,149,313083
30/7/2014,172,313255
31/7/2014,154,313409
1/8/2014,157,313566
2/8/2014,163,313729
3/8/2014,154,313883
4/8/2014,128,314011
5/8/2014,135,314146
6/8/2014,164,314310
7/8/2014,160,314470
8/8/2014,158,314628
9/8/2014,182,314810
10/8/2014,177,314987
11/8/2014,182,315169
12/8/2014,174,315343
13/8/2014,145,315488
14/8/2014,180,315668
15/8/2014,165,315833
16/8/2014,158,315991
17/8/2014,170,316161
18/8/2014,198,316359
19/8/2014,186,316545
20/8/2014,169,316714
21/8/2014,165,316879
22/8/2014,157,317036
23/8/2014,162,317198
24/8/2014,146,317344
25/8/2014,137,317481
26/8/2014,173,317654
27/8/2014,169,317823
28/8/2014,173,317996
29/8/2014,170,318166
30/8/2014,182,318348
31/8/2014,188,318536
1/9/2014,136,318672
2/9/2014,147,318819
3/9/2014,169,318988
4/9/2014,158,319146
5/9/2014,145,319291
6/9/2014,179,319470
7/9/2014,155,319625
8/9/2014,144,319769
9/9/2014,146,319915
10/9/2014,157,320072
11/9/2014,170,320242
12/9/2014,154,320396
13/9/2014,181,320577
14/9/2014,158,320735
15/9/2014,158,320893
16/9/2014,171,321064
17/9/2014,186,321250
18/9/2014,179,321429
19/9/2014,171,321600
20/9/2014,176,321776
21/9/2014,164,321940
22/9/2014,168,322108
23/9/2014,150,322258
24/9/2014,156,322414
25/9/2014,172,322586
26/9/2014,134,322720
27/9/2014,134,322854
28/9/2014,130,322984
29/9/2014,137,323121
30/9/2014,153,323274
1/10/2014,155,323429
2/10/2014,138,323567
3/10/2014,146,323713
4/10/2014,154,323867
5/10/2014,169,324036
6/10/2014,161,324197
7/10/2014,134,324331
8/10/2014,144,324475
9/10/2014,148,324623
10/10/2014,155,324778
11/10/2014,144,324922
12/10/2014,148,325070
13/10/2014,155,325225
14/10/2014,132,325357
15/10/2014,151,325508
16/10/2014,148,325656
17/10/2014,142,325798
18/10/2014,164,325962
19/10/2014,133,326095
20/10/2014,137,326232
21/10/2014,153,326385
22/10/2014,159,326544
23/10/2014,151,326695
24/10/2014,159,326854
25/10/2014,155,327009
26/10/2014,125,327134
27/10/2014,159,327293
28/10/2014,138,327431
29/10/2014,155,327586
30/10/2014,170,327756
31/10/2014,188,327944
1/11/2014,159,328103
2/11/2014,155,328258
3/11/2014,169,328427
4/11/2014,162,328589
5/11/2014,138,328727
6/11/2014,154,328881
7/11/2014,150,329031
8/11/2014,153,329184
9/11/2014,150,329334
10/11/2014,147,329481
11/11/2014,129,329610
12/11/2014,147,329757
13/11/2014,145,329902
14/11/2014,154,330056
15/11/2014,140,330196
16/11/2014,150,330346
17/11/2014,144,330490
18/11/2014,154,330644
19/11/2014,141,330785
20/11/2014,138,330923
21/11/2014,127,331050
22/11/2014,154,331204
23/11/2014,142,331346
24/11/2014,147,331493
25/11/2014,132,331625
26/11/2014,137,331762
27/11/2014,141,331903
28/11/2014,148,332051
29/11/2014,157,332208
30/11/2014,160,332368
1/12/2014,130,332498
2/12/2014,150,332648
3/12/2014,116,332764
4/12/2014,146,332910
5/12/2014,156,333066
6/12/2014,137,333203
7/12/2014,126,333329
8/12/2014,163,333492
9/12/2014,142,333634
10/12/2014,143,333777
11/12/2014,148,333925
12/12/2014,141,334066
13/12/2014,146,334212
14/12/2014,141,334353
15/12/2014,141,334494
16/12/2014,143,334637
17/12/2014,128,334765
18/12/2014,129,334894
19/12/2014,137,335031
20/12/2014,134,335165
21/12/2014,132,335297
22/12/2014,164,335461
23/12/2014,150,335611
24/12/2014,153,335764
25/12/2014,158,335922
26/12/2014,152,336074
27/12/2014,152,336226
28/12/2014,169,336395
29/12/2014,164,336559
30/12/2014,155,336714
31/12/2014,152,336866
1/1/2015,165,337031
2/1/2015,165,337196
3/1/2015,162,337358
4/1/2015,172,337530
5/1/2015,156,337686
6/1/2015,158,337844
7/1/2015,140,337984
8/1/2015,147,338131
9/1/2015,140,338271
10/1/2015,147,338418
11/1/2015,155,338573
12/1/2015,142,338715
13/1/2015,127,338842
14/1/2015,145,338987
15/1/2015,151,339138
16/1/2015,139,339277
17/1/2015,138,339415
18/1/2015,153,339568
19/1/2015,144,339712
20/1/2015,118,339830
21/1/2015,149,339979
22/1/2015,135,340114
23/1/2015,124,340238
24/1/2015,126,340364
25/1/2015,125,340489
26/1/2015,127,340616
27/1/2015,149,340765
28/1/2015,164,340929
29/1/2015,164,341093
30/1/2015,138,341231
31/1/2015,166,341397
1/2/2015,155,341552
2/2/2015,159,341711
3/2/2015,127,341838
4/2/2015,159,341997
5/2/2015,159,342156
6/2/2015,177,342333
7/2/2015,159,342492
8/2/2015,132,342624
9/2/2015,161,342785
10/2/2015,144,342929
11/2/2015,158,343087
12/2/2015,119,343206
13/2/2015,146,343352
14/2/2015,160,343512
15/2/2015,140,343652
16/2/2015,157,343809
17/2/2015,149,343958
18/2/2015,167,344125
19/2/2015,166,344291
20/2/2015,158,344449
21/2/2015,142,344591
22/2/2015,151,344742
23/2/2015,142,344884
24/2/2015,129,345013
25/2/2015,159,345172
26/2/2015,150,345322
27/2/2015,152,345474
28/2/2015,142,345616
1/3/2015,140,345756
2/3/2015,158,345914
3/3/2015,158,346072
4/3/2015,140,346212
5/3/2015,132,346344
6/3/2015,148,346492
7/3/2015,140,346632
8/3/2015,156,346788
9/3/2015,144,346932
10/3/2015,152,347084
11/3/2015,154,347238
12/3/2015,131,347369
13/3/2015,146,347515
14/3/2015,131,347646
15/3/2015,143,347789
16/3/2015,139,347928
17/3/2015,128,348056
18/3/2015,153,348209
19/3/2015,137,348346
20/3/2015,136,348482
21/3/2015,151,348633
22/3/2015,142,348775
23/3/2015,145,348920
24/3/2015,173,349093
25/3/2015,162,349255
26/3/2015,148,349403
27/3/2015,171,349574
28/3/2015,148,349722
29/3/2015,153,349875
30/3/2015,142,350017
31/3/2015,150,350167
1/4/2015,132,350299
2/4/2015,166,350465
3/4/2015,146,350611
4/4/2015,153,350764
5/4/2015,148,350912
6/4/2015,126,351038
7/4/2015,152,351190
8/4/2015,125,351315
9/4/2015,133,351448
10/4/2015,152,351600
11/4/2015,140,351740
12/4/2015,128,351868
13/4/2015,156,352024
14/4/2015,149,352173
15/4/2015,122,352295
16/4/2015,138,352433
17/4/2015,126,352559
18/4/2015,146,352705
19/4/2015,145,352850
20/4/2015,154,353004
21/4/2015,153,353157
22/4/2015,152,353309
23/4/2015,130,353439
24/4/2015,124,353563
25/4/2015,163,353726
26/4/2015,144,353870
27/4/2015,137,354007
28/4/2015,153,354160
29/4/2015,127,354287
30/4/2015,134,354421
1/5/2015,148,354569
2/5/2015,147,354716
3/5/2015,141,354857
4/5/2015,128,354985
5/5/2015,154,355139
6/5/2015,161,355300
7/5/2015,141,355441
8/5/2015,150,355591
9/5/2015,129,355720
10/5/2015,129,355849
11/5/2015,158,356007
12/5/2015,150,356157
13/5/2015,162,356319
14/5/2015,154,356473
15/5/2015,147,356620
16/5/2015,132,356752
17/5/2015,171,356923
18/5/2015,144,357067
19/5/2015,130,357197
20/5/2015,145,357342
21/5/2015,155,357497
22/5/2015,138,357635
23/5/2015,112,357747
24/5/2015,146,357893
25/5/2015,141,358034
26/5/2015,144,358178
27/5/2015,138,358316
28/5/2015,132,358448
29/5/2015,154,358602
30/5/2015,136,358738
31/5/2015,148,358886
1/6/2015,132,359018
2/6/2015,150,359168
3/6/2015,142,359310
4/6/2015,141,359451
5/6/2015,138,359589
6/6/2015,178,359767
7/6/2015,149,359916
8/6/2015,157,360073
9/6/2015,151,360224
10/6/2015,169,360393
11/6/2015,135,360528
12/6/2015,142,360670
13/6/2015,159,360829
14/6/2015,148,360977
15/6/2015,144,361121
16/6/2015,118,361239
17/6/2015,158,361397
18/6/2015,156,361553
19/6/2015,147,361700
20/6/2015,134,361834
21/6/2015,124,361958
22/6/2015,153,362111
23/6/2015,140,362251
24/6/2015,156,362407
25/6/2015,152,362559
26/6/2015,154,362713
27/6/2015,129,362842
28/6/2015,141,362983
29/6/2015,140,363123
30/6/2015,145,363268
1/7/2015,135,363403
2/7/2015,154,363557
3/7/2015,161,363718
4/7/2015,152,363870
5/7/2015,142,364012
6/7/2015,181,364193
7/7/2015,134,364327
8/7/2015,161,364488
9/7/2015,133,364621
10/7/2015,154,364775
11/7/2015,148,364923
12/7/2015,135,365058
13/7/2015,148,365206
14/7/2015,144,365350
15/7/2015,153,365503
16/7/2015,134,365637
17/7/2015,147,365784
18/7/2015,149,365933
19/7/2015,152,366085
20/7/2015,156,366241
21/7/2015,127,366368
22/7/2015,154,366522
23/7/2015,140,366662
24/7/2015,169,366831
25/7/2015,154,366985
26/7/2015,144,367129
27/7/2015,149,367278
28/7/2015,136,367414
29/7/2015,152,367566
30/7/2015,134,367700
31/7/2015,151,367851
1/8/2015,155,368006
2/8/2015,151,368157
3/8/2015,157,368314
4/8/2015,136,368450
5/8/2015,133,368583
6/8/2015,143,368726
7/8/2015,137,368863
8/8/2015,161,369024
9/8/2015,142,369166
10/8/2015,167,369333
11/8/2015,162,369495
12/8/2015,126,369621
13/8/2015,147,369768
14/8/2015,142,369910
15/8/2015,137,370047
16/8/2015,138,370185
17/8/2015,147,370332
18/8/2015,141,370473
19/8/2015,156,370629
20/8/2015,150,370779
21/8/2015,165,370944
22/8/2015,158,371102
23/8/2015,134,371236
24/8/2015,155,371391
25/8/2015,135,371526
26/8/2015,161,371687
27/8/2015,137,371824
28/8/2015,155,371979
29/8/2015,160,372139
30/8/2015,150,372289
31/8/2015,157,372446
1/9/2015,154,372600
2/9/2015,160,372760
3/9/2015,146,372906
4/9/2015,156,373062
5/9/2015,147,373209
6/9/2015,144,373353
7/9/2015,152,373505
8/9/2015,136,373641
9/9/2015,149,373790
10/9/2015,171,373961
11/9/2015,158,374119
12/9/2015,135,374254
13/9/2015,151,374405
14/9/2015,152,374557
15/9/2015,160,374717
16/9/2015,142,374859
17/9/2015,144,375003
18/9/2015,147,375150
19/9/2015,125,375275
20/9/2015,128,375403
21/9/2015,132,375535
22/9/2015,157,375692
23/9/2015,158,375850
24/9/2015,140,375990
25/9/2015,164,376154
26/9/2015,147,376301
27/9/2015,149,376450
28/9/2015,143,376593
29/9/2015,174,376767
30/9/2015,148,376915
1/10/2015,149,377064
2/10/2015,138,377202
3/10/2015,145,377347
4/10/2015,153,377500
5/10/2015,153,377653
6/10/2015,142,377795
7/10/2015,133,377928
8/10/2015,140,378068
9/10/2015,126,378194
10/10/2015,160,378354
11/10/2015,146,378500
12/10/2015,142,378642
13/10/2015,137,378779
14/10/2015,152,378931
15/10/2015,166,379097
16/10/2015,144,379241
17/10/2015,136,379377
18/10/2015,145,379522
19/10/2015,165,379687
20/10/2015,128,379815
21/10/2015,144,379959
22/10/2015,148,380107
23/10/2015,149,380256
24/10/2015,145,380401
25/10/2015,155,380556
26/10/2015,164,380720
27/10/2015,147,380867
28/10/2015,139,381006
29/10/2015,151,381157
30/10/2015,171,381328
31/10/2015,147,381475
1/11/2015,153,381628
2/11/2015,153,381781
3/11/2015,155,381936
4/11/2015,155,382091
5/11/2015,146,382237
6/11/2015,145,382382
7/11/2015,152,382534
8/11/2015,139,382673
9/11/2015,149,382822
10/11/2015,146,382968
11/11/2015,168,383136
12/11/2015,161,383297
13/11/2015,160,383457
14/11/2015,142,383599
15/11/2015,160,383759
16/11/2015,173,383932
17/11/2015,149,384081
18/11/2015,153,384234
19/11/2015,136,384370
20/11/2015,167,384537
21/11/2015,174,384711
22/11/2015,172,384883
23/11/2015,163,385046
24/11/2015,156,385202
25/11/2015,148,385350
26/11/2015,176,385526
27/11/2015,133,385659
28/11/2015,154,385813
29/11/2015,149,385962
30/11/2015,162,386124
1/12/2015,167,386291
2/12/2015,161,386452
3/12/2015,142,386594
4/12/2015,153,386747
5/12/2015,175,386922
6/12/2015,159,387081
7/12/2015,147,387228
8/12/2015,175,387403
9/12/2015,168,387571
10/12/2015,216,387787
11/12/2015,160,387947
12/12/2015,162,388109
13/12/2015,142,388251
14/12/2015,195,388446
15/12/2015,183,388629
16/12/2015,163,388792
17/12/2015,155,388947
18/12/2015,169,389116
19/12/2015,157,389273
20/12/2015,165,389438
21/12/2015,149,389587
22/12/2015,150,389737
23/12/2015,157,389894
24/12/2015,138,390032
25/12/2015,162,390194
26/12/2015,171,390365
27/12/2015,205,390570
28/12/2015,151,390721
29/12/2015,159,390880
30/12/2015,165,391045
31/12/2015,142,391187
1/1/2016,135,391322
2/1/2016,145,391467
3/1/2016,145,391612
4/1/2016,181,391793
5/1/2016,157,391950
6/1/2016,141,392091
7/1/2016,147,392238
8/1/2016,173,392411
9/1/2016,151,392562
10/1/2016,175,392737
11/1/2016,170,392907
12/1/2016,170,393077
13/1/2016,148,393225
14/1/2016,133,393358
15/1/2016,122,393480
16/1/2016,142,393622
17/1/2016,151,393773
18/1/2016,173,393946
19/1/2016,133,394079
20/1/2016,152,394231
21/1/2016,137,394368
22/1/2016,176,394544
23/1/2016,179,394723
24/1/2016,171,394894
25/1/2016,162,395056
26/1/2016,160,395216
27/1/2016,155,395371
28/1/2016,146,395517
29/1/2016,169,395686
30/1/2016,187,395873
31/1/2016,181,396054
1/2/2016,161,396215
2/2/2016,180,396395
3/2/2016,179,396574
4/2/2016,168,396742
5/2/2016,188,396930
6/2/2016,200,397130
7/2/2016,176,397306
8/2/2016,148,397454
9/2/2016,176,397630
10/2/2016,164,397794
11/2/2016,192,397986
12/2/2016,171,398157
13/2/2016,156,398313
14/2/2016,166,398479
15/2/2016,152,398631
16/2/2016,138,398769
17/2/2016,155,398924
18/2/2016,169,399093
19/2/2016,145,399238
20/2/2016,150,399388
21/2/2016,128,399516
22/2/2016,127,399643
23/2/2016,136,399779
24/2/2016,118,399897
25/2/2016,155,400052
26/2/2016,140,400192
27/2/2016,147,400339
28/2/2016,134,400473
29/2/2016,133,400606
1/3/2016,141,400747
2/3/2016,157,400904
3/3/2016,135,401039
4/3/2016,155,401194
5/3/2016,150,401344
6/3/2016,148,401492
7/3/2016,133,401625
8/3/2016,154,401779
9/3/2016,168,401947
10/3/2016,155,402102
11/3/2016,160,402262
12/3/2016,144,402406
13/3/2016,133,402539
14/3/2016,152,402691
15/3/2016,161,402852
16/3/2016,152,403004
17/3/2016,141,403145
18/3/2016,136,403281
19/3/2016,136,403417
20/3/2016,146,403563
21/3/2016,139,403702
22/3/2016,148,403850
23/3/2016,149,403999
24/3/2016,147,404146
25/3/2016,146,404292
26/3/2016,153,404445
27/3/2016,141,404586
28/3/2016,170,404756
29/3/2016,157,404913
30/3/2016,147,405060
31/3/2016,124,405184
1/4/2016,153,405337
2/4/2016,139,405476
3/4/2016,142,405618
4/4/2016,166,405784
5/4/2016,155,405939
6/4/2016,157,406096
7/4/2016,139,406235
8/4/2016,144,406379
9/4/2016,162,406541
10/4/2016,173,406714
11/4/2016,153,406867
12/4/2016,148,407015
13/4/2016,164,407179
14/4/2016,164,407343
15/4/2016,139,407482
16/4/2016,138,407620
17/4/2016,158,407778
18/4/2016,134,407912
19/4/2016,150,408062
20/4/2016,165,408227
21/4/2016,151,408378
22/4/2016,143,408521
23/4/2016,144,408665
24/4/2016,132,408797
25/4/2016,127,408924
26/4/2016,151,409075
27/4/2016,129,409204
28/4/2016,135,409339
29/4/2016,158,409497
30/4/2016,146,409643
1/5/2016,155,409798
2/5/2016,157,409955
3/5/2016,151,410106
4/5/2016,167,410273
5/5/2016,155,410428
6/5/2016,162,410590
7/5/2016,150,410740
8/5/2016,168,410908
9/5/2016,171,411079
10/5/2016,158,411237
11/5/2016,133,411370
12/5/2016,139,411509
13/5/2016,152,411661
14/5/2016,144,411805
15/5/2016,139,411944
16/5/2016,141,412085
17/5/2016,141,412226
18/5/2016,153,412379
19/5/2016,120,412499
20/5/2016,149,412648
21/5/2016,141,412789
22/5/2016,184,412973
23/5/2016,180,413153
24/5/2016,147,413300
25/5/2016,138,413438
26/5/2016,135,413573
27/5/2016,139,413712
28/5/2016,133,413845
29/5/2016,147,413992
30/5/2016,144,414136
31/5/2016,127,414263
1/6/2016,143,414406
2/6/2016,138,414544
3/6/2016,142,414686
4/6/2016,119,414805
5/6/2016,170,414975
6/6/2016,170,415145
7/6/2016,140,415285
8/6/2016,144,415429
9/6/2016,165,415594
10/6/2016,144,415738
11/6/2016,156,415894
12/6/2016,146,416040
13/6/2016,161,416201
14/6/2016,132,416333
15/6/2016,152,416485
16/6/2016,149,416634
17/6/2016,149,416783
18/6/2016,158,416941
19/6/2016,177,417118
20/6/2016,164,417282
21/6/2016,149,417431
22/6/2016,129,417560
23/6/2016,140,417700
24/6/2016,129,417829
25/6/2016,162,417991
26/6/2016,146,418137
27/6/2016,147,418284
28/6/2016,148,418432
29/6/2016,146,418578
30/6/2016,150,418728
1/7/2016,155,418883
2/7/2016,149,419032
3/7/2016,154,419186
4/7/2016,151,419337
5/7/2016,145,419482
6/7/2016,140,419622
7/7/2016,137,419759
8/7/2016,145,419904
9/7/2016,149,420053
10/7/2016,156,420209
11/7/2016,143,420352
12/7/2016,143,420495
13/7/2016,129,420624
14/7/2016,141,420765
15/7/2016,135,420900
16/7/2016,157,421057
17/7/2016,149,421206
18/7/2016,148,421354
19/7/2016,128,421482
20/7/2016,150,421632
21/7/2016,133,421765
22/7/2016,129,421894
23/7/2016,131,422025
24/7/2016,124,422149
25/7/2016,131,422280
26/7/2016,129,422409
27/7/2016,128,422537
28/7/2016,136,422673
29/7/2016,147,422820
30/7/2016,119,422939
31/7/2016,154,423093
1/8/2016,153,423246
2/8/2016,154,423400
3/8/2016,166,423566
4/8/2016,153,423719
5/8/2016,169,423888
6/8/2016,166,424054
7/8/2016,148,424202
8/8/2016,148,424350
9/8/2016,124,424474
10/8/2016,151,424625
11/8/2016,150,424775
12/8/2016,149,424924
13/8/2016,163,425087
14/8/2016,163,425250
15/8/2016,146,425396
16/8/2016,135,425531
17/8/2016,123,425654
18/8/2016,154,425808
19/8/2016,154,425962
20/8/2016,155,426117
21/8/2016,163,426280
22/8/2016,158,426438
23/8/2016,147,426585
24/8/2016,152,426737
25/8/2016,130,426867
26/8/2016,132,426999
27/8/2016,144,427143
28/8/2016,152,427295
29/8/2016,149,427444
30/8/2016,164,427608
31/8/2016,134,427742
1/9/2016,140,427882
2/9/2016,153,428035
3/9/2016,126,428161
4/9/2016,179,428340
5/9/2016,140,428480
6/9/2016,136,428616
7/9/2016,152,428768
8/9/2016,144,428912
9/9/2016,142,429054
10/9/2016,155,429209
11/9/2016,164,429373
12/9/2016,163,429536
13/9/2016,165,429701
14/9/2016,156,429857
15/9/2016,154,430011
16/9/2016,139,430150
17/9/2016,163,430313
18/9/2016,145,430458
19/9/2016,133,430591
20/9/2016,151,430742
21/9/2016,166,430908
22/9/2016,141,431049
23/9/2016,136,431185
24/9/2016,166,431351
25/9/2016,185,431536
26/9/2016,153,431689
27/9/2016,167,431856
28/9/2016,148,432004
29/9/2016,143,432147
30/9/2016,142,432289
1/10/2016,157,432446
2/10/2016,141,432587
3/10/2016,151,432738
4/10/2016,158,432896
5/10/2016,167,433063
6/10/2016,161,433224
7/10/2016,143,433367
8/10/2016,169,433536
9/10/2016,160,433696
10/10/2016,124,433820
11/10/2016,139,433959
12/10/2016,144,434103
13/10/2016,128,434231
14/10/2016,136,434367
15/10/2016,142,434509
16/10/2016,130,434639
17/10/2016,125,434764
18/10/2016,155,434919
19/10/2016,125,435044
20/10/2016,134,435178
21/10/2016,164,435342
22/10/2016,149,435491
23/10/2016,144,435635
24/10/2016,143,435778
25/10/2016,139,435917
26/10/2016,138,436055
27/10/2016,162,436217
28/10/2016,152,436369
29/10/2016,149,436518
30/10/2016,168,436686
31/10/2016,147,436833
1/11/2016,144,436977
2/11/2016,133,437110
3/11/2016,155,437265
4/11/2016,116,437381
5/11/2016,147,437528
6/11/2016,153,437681
7/11/2016,146,437827
8/11/2016,169,437996
9/11/2016,147,438143
10/11/2016,168,438311
11/11/2016,163,438474
12/11/2016,168,438642
13/11/2016,142,438784
14/11/2016,172,438956
15/11/2016,156,439112
16/11/2016,171,439283
17/11/2016,159,439442
18/11/2016,148,439590
19/11/2016,142,439732
20/11/2016,128,439860
21/11/2016,139,439999
22/11/2016,134,440133
23/11/2016,147,440280
24/11/2016,162,440442
25/11/2016,152,440594
26/11/2016,153,440747
27/11/2016,144,440891
28/11/2016,164,441055
29/11/2016,149,441204
30/11/2016,142,441346
1/12/2016,146,441492
2/12/2016,143,441635
3/12/2016,172,441807
4/12/2016,148,441955
5/12/2016,152,442107
6/12/2016,150,442257
7/12/2016,174,442431
8/12/2016,157,442588
9/12/2016,135,442723
10/12/2016,132,442855
11/12/2016,187,443042
12/12/2016,156,443198
13/12/2016,178,443376
14/12/2016,139,443515
15/12/2016,127,443642
16/12/2016,133,443775
17/12/2016,144,443919
18/12/2016,141,444060
19/12/2016,151,444211
20/12/2016,138,444349
21/12/2016,159,444508
22/12/2016,159,444667
23/12/2016,152,444819
24/12/2016,137,444956
25/12/2016,165,445121
26/12/2016,142,445263
27/12/2016,156,445419
28/12/2016,164,445583
29/12/2016,150,445733
30/12/2016,157,445890
31/12/2016,148,446038
1/1/2017,156,446194
2/1/2017,159,446353
3/1/2017,164,446517
4/1/2017,153,446670
5/1/2017,140,446810
6/1/2017,161,446971
7/1/2017,138,447109
8/1/2017,167,447276
9/1/2017,136,447412
10/1/2017,160,447572
11/1/2017,153,447725
12/1/2017,172,447897
13/1/2017,150,448047
14/1/2017,172,448219
15/1/2017,167,448386
16/1/2017,169,448555
17/1/2017,158,448713
18/1/2017,150,448863
19/1/2017,174,449037
20/1/2017,189,449226
21/1/2017,181,449407
22/1/2017,174,449581
23/1/2017,138,449719
24/1/2017,149,449868
25/1/2017,149,450017
26/1/2017,155,450172
27/1/2017,170,450342
28/1/2017,152,450494
29/1/2017,167,450661
30/1/2017,144,450805
31/1/2017,145,450950
1/2/2017,192,451142
2/2/2017,157,451299
3/2/2017,149,451448
4/2/2017,144,451592
5/2/2017,159,451751
6/2/2017,125,451876
7/2/2017,151,452027
8/2/2017,146,452173
9/2/2017,169,452342
10/2/2017,147,452489
11/2/2017,139,452628
12/2/2017,140,452768
13/2/2017,163,452931
14/2/2017,169,453100
15/2/2017,139,453239
16/2/2017,151,453390
17/2/2017,151,453541
18/2/2017,151,453692
19/2/2017,134,453826
20/2/2017,148,453974
21/2/2017,138,454112
22/2/2017,138,454250
23/2/2017,150,454400
24/2/2017,163,454563
25/2/2017,167,454730
26/2/2017,178,454908
27/2/2017,144,455052
28/2/2017,153,455205
1/3/2017,144,455349
2/3/2017,157,455506
3/3/2017,151,455657
4/3/2017,132,455789
5/3/2017,147,455936
6/3/2017,142,456078
7/3/2017,153,456231
8/3/2017,142,456373
9/3/2017,148,456521
10/3/2017,156,456677
11/3/2017,149,456826
12/3/2017,155,456981
13/3/2017,145,457126
14/3/2017,156,457282
15/3/2017,142,457424
16/3/2017,153,457577
17/3/2017,154,457731
18/3/2017,157,457888
19/3/2017,165,458053
20/3/2017,136,458189
21/3/2017,142,458331
22/3/2017,159,458490
23/3/2017,148,458638
24/3/2017,176,458814
25/3/2017,133,458947
26/3/2017,166,459113
27/3/2017,132,459245
28/3/2017,155,459400
29/3/2017,138,459538
30/3/2017,164,459702
31/3/2017,135,459837
1/4/2017,132,459969
2/4/2017,158,460127
3/4/2017,176,460303
4/4/2017,125,460428
5/4/2017,162,460590
6/4/2017,147,460737
7/4/2017,162,460899
8/4/2017,137,461036
9/4/2017,159,461195
10/4/2017,147,461342
11/4/2017,167,461509
12/4/2017,142,461651
13/4/2017,127,461778
14/4/2017,139,461917
15/4/2017,150,462067
16/4/2017,146,462213
17/4/2017,138,462351
18/4/2017,146,462497
19/4/2017,143,462640
20/4/2017,138,462778
21/4/2017,167,462945
22/4/2017,145,463090
23/4/2017,153,463243
24/4/2017,124,463367
25/4/2017,148,463515
26/4/2017,153,463668
27/4/2017,147,463815
28/4/2017,136,463951
29/4/2017,173,464124
30/4/2017,151,464275
1/5/2017,150,464425
2/5/2017,158,464583
3/5/2017,132,464715
4/5/2017,168,464883
5/5/2017,129,465012
6/5/2017,168,465180
7/5/2017,167,465347
8/5/2017,180,465527
9/5/2017,155,465682
10/5/2017,148,465830
11/5/2017,135,465965
12/5/2017,154,466119
13/5/2017,158,466277
14/5/2017,164,466441
15/5/2017,170,466611
16/5/2017,132,466743
17/5/2017,155,466898
18/5/2017,142,467040
19/5/2017,164,467204
20/5/2017,165,467369
21/5/2017,147,467516
22/5/2017,146,467662
23/5/2017,168,467830
24/5/2017,154,467984
25/5/2017,163,468147
26/5/2017,153,468300
27/5/2017,168,468468
28/5/2017,165,468633
29/5/2017,151,468784
30/5/2017,179,468963
31/5/2017,164,469127
1/6/2017,170,469297
2/6/2017,146,469443
3/6/2017,192,469635
4/6/2017,161,469796
5/6/2017,164,469960
6/6/2017,151,470111
7/6/2017,165,470276
8/6/2017,165,470441
9/6/2017,151,470592
10/6/2017,141,470733
11/6/2017,146,470879
12/6/2017,147,471026
13/6/2017,141,471167
14/6/2017,140,471307
15/6/2017,153,471460
16/6/2017,148,471608
17/6/2017,145,471753
18/6/2017,145,471898
19/6/2017,151,472049
20/6/2017,138,472187
21/6/2017,140,472327
22/6/2017,139,472466
23/6/2017,160,472626
24/6/2017,146,472772
25/6/2017,122,472894
26/6/2017,142,473036
27/6/2017,131,473167
28/6/2017,157,473324
29/6/2017,120,473444
30/6/2017,154,473598
1/7/2017,164,473762
2/7/2017,188,473950
3/7/2017,170,474120
4/7/2017,153,474273
5/7/2017,149,474422
6/7/2017,142,474564
7/7/2017,148,474712
8/7/2017,165,474877
9/7/2017,138,475015
10/7/2017,197,475212
11/7/2017,173,475385
12/7/2017,177,475562
13/7/2017,157,475719
14/7/2017,139,475858
15/7/2017,127,475985
16/7/2017,163,476148
17/7/2017,148,476296
18/7/2017,165,476461
19/7/2017,149,476610
20/7/2017,162,476772
21/7/2017,154,476926
22/7/2017,160,477086
23/7/2017,172,477258
24/7/2017,178,477436
25/7/2017,148,477584
26/7/2017,147,477731
27/7/2017,154,477885
28/7/2017,150,478035
29/7/2017,157,478192
30/7/2017,147,478339
31/7/2017,145,478484
1/8/2017,149,478633
2/8/2017,152,478785
3/8/2017,138,478923
4/8/2017,179,479102
5/8/2017,177,479279
6/8/2017,140,479419
7/8/2017,153,479572
8/8/2017,164,479736
9/8/2017,138,479874
10/8/2017,134,480008
11/8/2017,144,480152
12/8/2017,135,480287
13/8/2017,148,480435
14/8/2017,130,480565
15/8/2017,152,480717
16/8/2017,130,480847
17/8/2017,179,481026
18/8/2017,149,481175
19/8/2017,151,481326
20/8/2017,130,481456
21/8/2017,115,481571
22/8/2017,89,481660
23/8/2017,159,481819
24/8/2017,101,481920
25/8/2017,101,482021
26/8/2017,105,482126
27/8/2017,155,482281
28/8/2017,129,482410
29/8/2017,149,482559
30/8/2017,168,482727
31/8/2017,163,482890
1/9/2017,174,483064
2/9/2017,164,483228
3/9/2017,154,483382
4/9/2017,175,483557
5/9/2017,197,483754
6/9/2017,162,483916
7/9/2017,176,484092
8/9/2017,175,484267
9/9/2017,169,484436
10/9/2017,138,484574
11/9/2017,174,484748
12/9/2017,188,484936
13/9/2017,190,485126
14/9/2017,174,485300
15/9/2017,180,485480
16/9/2017,169,485649
17/9/2017,176,485825
18/9/2017,127,485952
19/9/2017,156,486108
20/9/2017,117,486225
21/9/2017,176,486401
22/9/2017,139,486540
23/9/2017,166,486706
24/9/2017,145,486851
25/9/2017,125,486976
26/9/2017,138,487114
27/9/2017,147,487261
28/9/2017,177,487438
29/9/2017,169,487607
30/9/2017,138,487745
1/10/2017,130,487875
2/10/2017,150,488025
3/10/2017,183,488208
4/10/2017,134,488342
5/10/2017,125,488467
6/10/2017,159,488626
7/10/2017,158,488784
8/10/2017,182,488966
9/10/2017,161,489127
10/10/2017,160,489287
11/10/2017,139,489426
12/10/2017,153,489579
13/10/2017,136,489715
14/10/2017,141,489856
15/10/2017,195,490051
16/10/2017,174,490225
17/10/2017,164,490389
18/10/2017,151,490540
19/10/2017,178,490718
20/10/2017,179,490897
21/10/2017,153,491050
22/10/2017,182,491232
23/10/2017,171,491403
24/10/2017,167,491570
25/10/2017,185,491755
26/10/2017,180,491935
27/10/2017,104,492039
28/10/2017,85,492124
29/10/2017,154,492278
30/10/2017,147,492425
31/10/2017,138,492563
1/11/2017,156,492719
2/11/2017,150,492869
3/11/2017,119,492988
4/11/2017,130,493118
5/11/2017,141,493259
6/11/2017,133,493392
7/11/2017,156,493548
8/11/2017,144,493692
9/11/2017,153,493845
10/11/2017,120,493965
11/11/2017,80,494045
12/11/2017,80,494125
13/11/2017,140,494265
14/11/2017,128,494393
15/11/2017,152,494545
16/11/2017,152,494697
17/11/2017,167,494864
18/11/2017,136,495000
19/11/2017,160,495160
20/11/2017,175,495335
21/11/2017,173,495508
22/11/2017,148,495656
23/11/2017,157,495813
24/11/2017,149,495962
25/11/2017,156,496118
26/11/2017,153,496271
27/11/2017,170,496441
28/11/2017,156,496597
29/11/2017,173,496770
30/11/2017,167,496937
1/12/2017,183,497120
2/12/2017,161,497281
3/12/2017,176,497457
4/12/2017,181,497638
5/12/2017,178,497816
6/12/2017,188,498004
7/12/2017,152,498156
8/12/2017,156,498312
9/12/2017,174,498486
10/12/2017,164,498650
11/12/2017,171,498821
12/12/2017,156,498977
13/12/2017,186,499163
14/12/2017,185,499348
15/12/2017,169,499517
16/12/2017,171,499688
17/12/2017,185,499873
18/12/2017,182,500055
19/12/2017,140,500195
20/12/2017,136,500331
21/12/2017,132,500463
22/12/2017,155,500618
23/12/2017,139,500757
24/12/2017,152,500909
25/12/2017,135,501044
26/12/2017,142,501186
27/12/2017,156,501342
28/12/2017,149,501491
29/12/2017,165,501656
30/12/2017,147,501803
31/12/2017,163,501966
1/1/2018,156,502122
2/1/2018,171,502293
3/1/2018,157,502450
4/1/2018,168,502618
5/1/2018,143,502761
6/1/2018,168,502929
7/1/2018,162,503091
8/1/2018,166,503257
9/1/2018,164,503421
10/1/2018,166,503587
11/1/2018,193,503780
12/1/2018,178,503958
13/1/2018,149,504107
14/1/2018,155,504262
15/1/2018,150,504412
16/1/2018,159,504571
17/1/2018,167,504738
18/1/2018,173,504911
19/1/2018,165,505076
20/1/2018,178,505254
21/1/2018,187,505441
22/1/2018,167,505608
23/1/2018,177,505785
24/1/2018,176,505961
25/1/2018,158,506119
26/1/2018,155,506274
27/1/2018,157,506431
28/1/2018,158,506589
29/1/2018,148,506737
30/1/2018,167,506904
31/1/2018,117,507021
1/2/2018,160,507181
2/2/2018,168,507349
3/2/2018,158,507507
4/2/2018,178,507685
5/2/2018,185,507870
6/2/2018,170,508040
7/2/2018,141,508181
8/2/2018,131,508312
9/2/2018,135,508447
10/2/2018,143,508590
11/2/2018,151,508741
12/2/2018,166,508907
13/2/2018,164,509071
14/2/2018,179,509250
15/2/2018,131,509381
16/2/2018,157,509538
17/2/2018,149,509687
18/2/2018,162,509849
19/2/2018,162,510011
20/2/2018,141,510152
21/2/2018,169,510321
22/2/2018,149,510470
23/2/2018,148,510618
24/2/2018,145,510763
25/2/2018,171,510934
26/2/2018,141,511075
27/2/2018,160,511235
28/2/2018,155,511390
1/3/2018,165,511555
2/3/2018,156,511711
3/3/2018,180,511891
4/3/2018,148,512039
5/3/2018,149,512188
6/3/2018,156,512344
7/3/2018,157,512501
8/3/2018,162,512663
9/3/2018,146,512809
10/3/2018,140,512949
11/3/2018,153,513102
12/3/2018,161,513263
13/3/2018,158,513421
14/3/2018,144,513565
15/3/2018,144,513709
16/3/2018,156,513865
17/3/2018,149,514014
18/3/2018,151,514165
19/3/2018,155,514320
20/3/2018,127,514447
21/3/2018,152,514599
22/3/2018,143,514742
23/3/2018,133,514875
24/3/2018,156,515031
25/3/2018,135,515166
26/3/2018,150,515316
27/3/2018,152,515468
28/3/2018,135,515603
29/3/2018,152,515755
30/3/2018,162,515917
31/3/2018,128,516045
1/4/2018,162,516207
2/4/2018,156,516363
3/4/2018,163,516526
4/4/2018,147,516673
5/4/2018,156,516829
6/4/2018,138,516967
7/4/2018,180,517147
8/4/2018,161,517308
9/4/2018,147,517455
10/4/2018,164,517619
11/4/2018,161,517780
12/4/2018,154,517934
13/4/2018,165,518099
14/4/2018,137,518236
15/4/2018,163,518399
16/4/2018,141,518540
17/4/2018,162,518702
18/4/2018,160,518862
19/4/2018,178,519040
20/4/2018,137,519177
21/4/2018,159,519336
22/4/2018,160,519496
23/4/2018,153,519649
24/4/2018,159,519808
25/4/2018,123,519931
26/4/2018,141,520072
27/4/2018,142,520214
28/4/2018,128,520342
29/4/2018,158,520500
30/4/2018,155,520655
1/5/2018,158,520813
2/5/2018,140,520953
3/5/2018,151,521104
4/5/2018,138,521242
5/5/2018,161,521403
6/5/2018,137,521540
7/5/2018,150,521690
8/5/2018,139,521829
9/5/2018,160,521989
10/5/2018,154,522143
11/5/2018,127,522270
12/5/2018,165,522435
13/5/2018,148,522583
14/5/2018,132,522715
15/5/2018,146,522861
16/5/2018,179,523040
17/5/2018,132,523172
18/5/2018,148,523320
19/5/2018,154,523474
20/5/2018,144,523618
21/5/2018,157,523775
22/5/2018,151,523926
23/5/2018,162,524088
24/5/2018,143,524231
25/5/2018,176,524407
26/5/2018,162,524569
27/5/2018,164,524733
28/5/2018,156,524889
29/5/2018,139,525028
30/5/2018,174,525202
31/5/2018,170,525372
1/6/2018,166,525538
2/6/2018,152,525690
3/6/2018,163,525853
4/6/2018,183,526036
5/6/2018,175,526211
6/6/2018,147,526358
7/6/2018,143,526501
8/6/2018,145,526646
9/6/2018,143,526789
10/6/2018,127,526916
11/6/2018,140,527056
12/6/2018,145,527201
13/6/2018,143,527344
14/6/2018,153,527497
15/6/2018,153,527650
16/6/2018,166,527816
17/6/2018,157,527973
18/6/2018,164,528137
19/6/2018,155,528292
20/6/2018,155,528447
21/6/2018,170,528617
22/6/2018,151,528768
23/6/2018,160,528928
24/6/2018,171,529099
25/6/2018,157,529256
26/6/2018,146,529402
27/6/2018,121,529523
28/6/2018,157,529680
29/6/2018,151,529831
30/6/2018,141,529972
1/7/2018,147,530119
2/7/2018,141,530260
3/7/2018,116,530376
4/7/2018,134,530510
5/7/2018,137,530647
6/7/2018,160,530807
7/7/2018,156,530963
8/7/2018,158,531121
9/7/2018,136,531257
10/7/2018,149,531406
11/7/2018,135,531541
12/7/2018,141,531682
13/7/2018,143,531825
14/7/2018,133,531958
15/7/2018,133,532091
16/7/2018,120,532211
17/7/2018,159,532370
18/7/2018,174,532544
19/7/2018,171,532715
20/7/2018,154,532869
21/7/2018,137,533006
22/7/2018,182,533188
23/7/2018,166,533354
24/7/2018,159,533513
25/7/2018,177,533690
26/7/2018,165,533855
27/7/2018,167,534022
28/7/2018,145,534167
29/7/2018,170,534337
30/7/2018,134,534471
31/7/2018,147,534618
1/8/2018,150,534768
2/8/2018,153,534921
3/8/2018,166,535087
4/8/2018,176,535263
5/8/2018,160,535423
6/8/2018,131,535554
7/8/2018,151,535705
8/8/2018,157,535862
9/8/2018,149,536011
10/8/2018,176,536187
11/8/2018,170,536357
12/8/2018,155,536512
13/8/2018,150,536662
14/8/2018,136,536798
15/8/2018,161,536959
16/8/2018,158,537117
17/8/2018,152,537269
18/8/2018,160,537429
19/8/2018,145,537574
20/8/2018,150,537724
21/8/2018,148,537872
22/8/2018,160,538032
23/8/2018,149,538181
24/8/2018,146,538327
25/8/2018,135,538462
26/8/2018,173,538635
27/8/2018,185,538820
28/8/2018,153,538973
29/8/2018,139,539112
30/8/2018,154,539266
31/8/2018,155,539421
1/9/2018,151,539572
2/9/2018,144,539716
3/9/2018,144,539860
4/9/2018,126,539986
5/9/2018,132,540118
6/9/2018,150,540268
7/9/2018,152,540420
8/9/2018,150,540570
9/9/2018,163,540733
10/9/2018,135,540868
11/9/2018,141,541009
12/9/2018,168,541177
13/9/2018,148,541325
14/9/2018,132,541457
15/9/2018,140,541597
16/9/2018,139,541736
17/9/2018,135,541871
18/9/2018,142,542013
19/9/2018,156,542169
20/9/2018,154,542323
21/9/2018,144,542467
22/9/2018,155,542622
23/9/2018,150,542772
24/9/2018,148,542920
25/9/2018,169,543089
26/9/2018,139,543228
27/9/2018,143,543371
28/9/2018,154,543525
29/9/2018,152,543677
30/9/2018,163,543840
1/10/2018,158,543998
2/10/2018,137,544135
3/10/2018,145,544280
4/10/2018,150,544430
5/10/2018,130,544560
6/10/2018,125,544685
7/10/2018,142,544827
8/10/2018,135,544962
9/10/2018,130,545092
10/10/2018,144,545236
11/10/2018,159,545395
12/10/2018,132,545527
13/10/2018,141,545668
14/10/2018,114,545782
15/10/2018,162,545944
16/10/2018,135,546079
17/10/2018,138,546217
18/10/2018,138,546355
19/10/2018,142,546497
20/10/2018,143,546640
21/10/2018,138,546778
22/10/2018,155,546933
23/10/2018,154,547087
24/10/2018,113,547200
25/10/2018,137,547337
26/10/2018,143,547480
27/10/2018,136,547616
28/10/2018,140,547756
29/10/2018,146,547902
30/10/2018,154,548056
31/10/2018,163,548219
1/11/2018,154,548373
2/11/2018,143,548516
3/11/2018,161,548677
4/11/2018,123,548800
5/11/2018,144,548944
6/11/2018,128,549072
7/11/2018,130,549202
8/11/2018,121,549323
9/11/2018,127,549450
10/11/2018,131,549581
11/11/2018,146,549727
12/11/2018,140,549867
13/11/2018,120,549987
14/11/2018,135,550122
15/11/2018,127,550249
16/11/2018,126,550375
17/11/2018,145,550520
18/11/2018,123,550643
19/11/2018,126,550769
20/11/2018,132,550901
21/11/2018,105,551006
22/11/2018,122,551128
23/11/2018,125,551253
24/11/2018,143,551396
25/11/2018,127,551523
26/11/2018,111,551634
27/11/2018,131,551765
28/11/2018,118,551883
29/11/2018,105,551988
30/11/2018,101,552089
1/12/2018,124,552213
2/12/2018,114,552327
3/12/2018,114,552441
4/12/2018,138,552579
5/12/2018,130,552709
6/12/2018,135,552844
7/12/2018,114,552958
8/12/2018,127,553085
9/12/2018,128,553213
10/12/2018,124,553337
11/12/2018,125,553462
12/12/2018,120,553582
13/12/2018,131,553713
14/12/2018,146,553859
15/12/2018,149,554008
16/12/2018,115,554123
17/12/2018,160,554283
18/12/2018,128,554411
19/12/2018,149,554560
20/12/2018,135,554695
21/12/2018,140,554835
22/12/2018,175,555010
23/12/2018,176,555186
24/12/2018,152,555338
25/12/2018,159,555497
26/12/2018,157,555654
27/12/2018,174,555828
28/12/2018,167,555995
29/12/2018,138,556133
30/12/2018,176,556309
31/12/2018,155,556464
1/1/2019,149,556613
2/1/2019,151,556764
3/1/2019,155,556919
4/1/2019,149,557068
5/1/2019,163,557231
6/1/2019,141,557372
7/1/2019,141,557513
8/1/2019,169,557682
9/1/2019,164,557846
10/1/2019,156,558002
11/1/2019,148,558150
12/1/2019,138,558288
13/1/2019,137,558425
14/1/2019,149,558574
15/1/2019,132,558706
16/1/2019,133,558839
17/1/2019,127,558966
18/1/2019,138,559104
19/1/2019,133,559237
20/1/2019,157,559394
21/1/2019,150,559544
22/1/2019,130,559674
23/1/2019,146,559820
24/1/2019,162,559982
25/1/2019,138,560120
26/1/2019,150,560270
27/1/2019,137,560407
28/1/2019,145,560552
29/1/2019,146,560698
30/1/2019,136,560834
31/1/2019,155,560989
1/2/2019,158,561147
2/2/2019,144,561291
3/2/2019,138,561429
4/2/2019,147,561576
5/2/2019,147,561723
6/2/2019,164,561887
7/2/2019,174,562061
8/2/2019,163,562224
9/2/2019,150,562374
10/2/2019,140,562514
11/2/2019,145,562659
12/2/2019,128,562787
13/2/2019,153,562940
14/2/2019,141,563081
15/2/2019,127,563208
16/2/2019,150,563358
17/2/2019,159,563517
18/2/2019,155,563672
19/2/2019,156,563828
20/2/2019,130,563958
21/2/2019,119,564077
22/2/2019,162,564239
23/2/2019,143,564382
24/2/2019,137,564519
25/2/2019,143,564662
26/2/2019,161,564823
27/2/2019,141,564964
28/2/2019,150,565114
1/3/2019,162,565276
2/3/2019,132,565408
3/3/2019,146,565554
4/3/2019,137,565691
5/3/2019,149,565840
6/3/2019,128,565968
7/3/2019,142,566110
8/3/2019,146,566256
9/3/2019,138,566394
10/3/2019,136,566530
11/3/2019,142,566672
12/3/2019,143,566815
13/3/2019,135,566950
14/3/2019,155,567105
15/3/2019,153,567258
16/3/2019,163,567421
17/3/2019,146,567567
18/3/2019,161,567728
19/3/2019,174,567902
20/3/2019,161,568063
21/3/2019,143,568206
22/3/2019,161,568367
23/3/2019,145,568512
24/3/2019,150,568662
25/3/2019,148,568810
26/3/2019,134,568944
27/3/2019,149,569093
28/3/2019,146,569239
29/3/2019,147,569386
30/3/2019,139,569525
31/3/2019,139,569664
1/4/2019,136,569800
2/4/2019,157,569957
3/4/2019,142,570099
4/4/2019,140,570239
5/4/2019,158,570397
6/4/2019,139,570536
7/4/2019,141,570677
8/4/2019,148,570825
9/4/2019,132,570957
10/4/2019,148,571105
11/4/2019,157,571262
12/4/2019,151,571413
13/4/2019,135,571548
14/4/2019,122,571670
15/4/2019,145,571815
16/4/2019,145,571960
17/4/2019,138,572098
18/4/2019,149,572247
19/4/2019,152,572399
20/4/2019,131,572530
21/4/2019,162,572692
22/4/2019,134,572826
23/4/2019,116,572942
24/4/2019,163,573105
25/4/2019,143,573248
26/4/2019,151,573399
27/4/2019,137,573536
28/4/2019,163,573699
29/4/2019,163,573862
30/4/2019,140,574002
1/5/2019,171,574173
2/5/2019,184,574357
3/5/2019,152,574509
4/5/2019,132,574641
5/5/2019,129,574770
6/5/2019,151,574921
7/5/2019,127,575048
8/5/2019,152,575200
9/5/2019,150,575350
10/5/2019,125,575475
11/5/2019,130,575605
12/5/2019,158,575763
13/5/2019,167,575930
14/5/2019,152,576082
15/5/2019,149,576231
16/5/2019,146,576377
17/5/2019,151,576528
18/5/2019,153,576681
19/5/2019,163,576844
20/5/2019,161,577005
21/5/2019,153,577158
22/5/2019,167,577325
23/5/2019,158,577483
24/5/2019,153,577636
25/5/2019,140,577776
26/5/2019,165,577941
27/5/2019,167,578108
28/5/2019,164,578272
29/5/2019,174,578446
30/5/2019,160,578606
31/5/2019,117,578723
1/6/2019,151,578874
2/6/2019,131,579005
3/6/2019,119,579124
4/6/2019,154,579278
5/6/2019,160,579438
6/6/2019,157,579595
7/6/2019,158,579753
8/6/2019,124,579877
9/6/2019,147,580024
10/6/2019,157,580181
11/6/2019,143,580324
12/6/2019,131,580455
13/6/2019,151,580606
14/6/2019,169,580775
15/6/2019,146,580921
16/6/2019,130,581051
17/6/2019,133,581184
18/6/2019,163,581347
19/6/2019,177,581524
20/6/2019,144,581668
21/6/2019,133,581801
22/6/2019,141,581942
23/6/2019,181,582123
24/6/2019,177,582300
25/6/2019,146,582446
26/6/2019,165,582611
27/6/2019,142,582753
28/6/2019,163,582916
29/6/2019,174,583090
30/6/2019,152,583242
1/7/2019,143,583385
2/7/2019,158,583543
3/7/2019,172,583715
4/7/2019,167,583882
5/7/2019,189,584071
6/7/2019,178,584249
7/7/2019,153,584402
8/7/2019,178,584580
9/7/2019,154,584734
10/7/2019,129,584863
11/7/2019,129,584992
12/7/2019,164,585156
13/7/2019,141,585297
14/7/2019,145,585442
15/7/2019,146,585588
16/7/2019,162,585750
17/7/2019,133,585883
18/7/2019,121,586004
19/7/2019,118,586122
20/7/2019,177,586299
21/7/2019,149,586448
22/7/2019,158,586606
23/7/2019,143,586749
24/7/2019,139,586888
25/7/2019,150,587038
26/7/2019,166,587204
27/7/2019,152,587356
28/7/2019,175,587531
29/7/2019,168,587699
30/7/2019,142,587841
31/7/2019,171,588012
1/8/2019,142,588154
2/8/2019,169,588323
3/8/2019,173,588496
4/8/2019,167,588663
5/8/2019,143,588806
6/8/2019,161,588967
7/8/2019,153,589120
8/8/2019,142,589262
9/8/2019,147,589409
10/8/2019,151,589560
11/8/2019,153,589713
12/8/2019,133,589846
13/8/2019,157,590003
14/8/2019,152,590155
15/8/2019,157,590312
16/8/2019,147,590459
17/8/2019,128,590587
18/8/2019,126,590713
19/8/2019,163,590876
20/8/2019,153,591029
21/8/2019,136,591165
22/8/2019,141,591306
23/8/2019,153,591459
24/8/2019,160,591619
25/8/2019,155,591774
26/8/2019,137,591911
27/8/2019,135,592046
28/8/2019,151,592197
29/8/2019,165,592362
30/8/2019,160,592522
31/8/2019,166,592688
1/9/2019,143,592831
2/9/2019,149,592980
3/9/2019,164,593144
4/9/2019,136,593280
5/9/2019,165,593445
6/9/2019,158,593603
7/9/2019,150,593753
8/9/2019,177,593930
9/9/2019,146,594076
10/9/2019,182,594258
11/9/2019,184,594442
12/9/2019,158,594600
13/9/2019,150,594750
14/9/2019,155,594905
15/9/2019,147,595052
16/9/2019,163,595215
17/9/2019,148,595363
18/9/2019,174,595537
19/9/2019,148,595685
20/9/2019,151,595836
21/9/2019,166,596002
22/9/2019,166,596168
23/9/2019,114,596282
24/9/2019,157,596439
25/9/2019,156,596595
26/9/2019,171,596766
27/9/2019,132,596898
28/9/2019,159,597057
29/9/2019,136,597193
30/9/2019,130,597323
1/10/2019,143,597466
2/10/2019,148,597614
3/10/2019,147,597761
4/10/2019,147,597908
5/10/2019,158,598066
6/10/2019,149,598215
7/10/2019,155,598370
8/10/2019,162,598532
9/10/2019,138,598670
10/10/2019,162,598832
11/10/2019,156,598988
12/10/2019,133,599121
13/10/2019,142,599263
14/10/2019,135,599398
15/10/2019,153,599551
16/10/2019,143,599694
17/10/2019,150,599844
18/10/2019,160,600004
19/10/2019,142,600146
20/10/2019,146,600292
21/10/2019,159,600451
22/10/2019,169,600620
23/10/2019,168,600788
24/10/2019,133,600921
25/10/2019,138,601059
26/10/2019,140,601199
27/10/2019,115,601314
28/10/2019,134,601448
29/10/2019,133,601581
30/10/2019,134,601715
31/10/2019,132,601847
1/11/2019,130,601977
2/11/2019,134,602111
3/11/2019,138,602249
4/11/2019,132,602381
5/11/2019,144,602525
6/11/2019,132,602657
7/11/2019,135,602792
8/11/2019,128,602920
9/11/2019,144,603064
10/11/2019,166,603230
11/11/2019,151,603381
12/11/2019,135,603516
13/11/2019,135,603651
14/11/2019,169,603820
15/11/2019,158,603978
16/11/2019,148,604126
17/11/2019,154,604280
18/11/2019,140,604420
19/11/2019,147,604567
20/11/2019,142,604709
21/11/2019,137,604846
22/11/2019,132,604978
23/11/2019,173,605151
24/11/2019,131,605282
25/11/2019,125,605407
26/11/2019,122,605529
27/11/2019,139,605668
28/11/2019,163,605831
29/11/2019,136,605967
30/11/2019,126,606093
1/12/2019,139,606232
2/12/2019,145,606377
3/12/2019,158,606535
4/12/2019,167,606702
5/12/2019,145,606847
6/12/2019,145,606992
7/12/2019,155,607147
8/12/2019,148,607295
9/12/2019,148,607443
10/12/2019,148,607591
11/12/2019,132,607723
12/12/2019,133,607856
13/12/2019,152,608008
14/12/2019,151,608159
15/12/2019,124,608283
16/12/2019,157,608440
17/12/2019,141,608581
18/12/2019,134,608715
19/12/2019,157,608872
20/12/2019,156,609028
21/12/2019,176,609204
22/12/2019,169,609373
23/12/2019,143,609516
24/12/2019,125,609641
25/12/2019,128,609769
26/12/2019,167,609936
27/12/2019,145,610081
28/12/2019,149,610230
29/12/2019,155,610385
30/12/2019,166,610551
31/12/2019,145,610696
1/1/2020,174,610870
2/1/2020,141,611011
3/1/2020,169,611180
4/1/2020,168,611348
5/1/2020,163,611511
6/1/2020,135,611646
7/1/2020,176,611822
8/1/2020,142,611964
9/1/2020,157,612121
10/1/2020,149,612270
11/1/2020,163,612433
12/1/2020,151,612584
13/1/2020,143,612727
14/1/2020,145,612872
15/1/2020,151,613023
16/1/2020,159,613182
17/1/2020,159,613341
18/1/2020,132,613473
19/1/2020,150,613623
20/1/2020,152,613775
21/1/2020,153,613928
22/1/2020,156,614084
23/1/2020,159,614243
24/1/2020,152,614395
25/1/2020,164,614559
26/1/2020,143,614702
27/1/2020,129,614831
28/1/2020,142,614973
29/1/2020,160,615133
30/1/2020,156,615289
31/1/2020,144,615433
1/2/2020,151,615584
2/2/2020,143,615727
3/2/2020,148,615875
4/2/2020,132,616007
5/2/2020,159,616166
6/2/2020,135,616301
7/2/2020,139,616440
8/2/2020,139,616579
9/2/2020,153,616732
10/2/2020,122,616854
11/2/2020,148,617002
12/2/2020,142,617144
13/2/2020,141,617285
14/2/2020,135,617420
15/2/2020,142,617562
16/2/2020,142,617704
17/2/2020,157,617861
18/2/2020,150,618011
19/2/2020,141,618152
20/2/2020,126,618278
21/2/2020,154,618432
22/2/2020,148,618580
23/2/2020,142,618722
24/2/2020,141,618863
25/2/2020,144,619007
26/2/2020,136,619143
27/2/2020,147,619290
28/2/2020,158,619448
29/2/2020,139,619587
1/3/2020,177,619764
2/3/2020,149,619913
3/3/2020,153,620066
4/3/2020,167,620233
5/3/2020,163,620396
6/3/2020,155,620551
7/3/2020,157,620708
8/3/2020,158,620866
9/3/2020,150,621016
10/3/2020,132,621148
11/3/2020,119,621267
12/3/2020,151,621418
13/3/2020,125,621543
14/3/2020,128,621671
15/3/2020,119,621790
16/3/2020,119,621909
17/3/2020,123,622032
18/3/2020,100,622132
19/3/2020,107,622239
20/3/2020,109,622348
21/3/2020,124,622472
22/3/2020,127,622599
23/3/2020,112,622711
24/3/2020,132,622843
25/3/2020,92,622935
26/3/2020,160,623095
27/3/2020,155,623250
28/3/2020,135,623385
29/3/2020,151,623536
30/3/2020,147,623683
31/3/2020,159,623842
1/4/2020,153,623995
2/4/2020,153,624148
3/4/2020,132,624280
4/4/2020,157,624437
5/4/2020,175,624612
6/4/2020,128,624740
7/4/2020,168,624908
8/4/2020,144,625052
9/4/2020,154,625206
10/4/2020,163,625369
11/4/2020,159,625528
12/4/2020,153,625681
13/4/2020,171,625852
14/4/2020,168,626020
15/4/2020,169,626189
16/4/2020,154,626343
17/4/2020,127,626470
18/4/2020,158,626628
19/4/2020,152,626780
20/4/2020,161,626941
21/4/2020,149,627090
22/4/2020,131,627221
23/4/2020,142,627363
24/4/2020,144,627507
25/4/2020,136,627643
26/4/2020,137,627780
27/4/2020,141,627921
28/4/2020,154,628075
29/4/2020,145,628220
30/4/2020,135,628355
1/5/2020,141,628496
2/5/2020,148,628644
3/5/2020,168,628812
4/5/2020,158,628970
5/5/2020,158,629128
6/5/2020,154,629282
7/5/2020,147,629429
8/5/2020,137,629566
9/5/2020,136,629702
10/5/2020,170,629872
11/5/2020,157,630029
12/5/2020,146,630175
13/5/2020,119,630294
14/5/2020,114,630408
15/5/2020,125,630533
16/5/2020,126,630659
17/5/2020,102,630761
18/5/2020,128,630889
19/5/2020,115,631004
20/5/2020,115,631119
21/5/2020,131,631250
22/5/2020,111,631361
23/5/2020,119,631480
24/5/2020,116,631596
25/5/2020,125,631721
26/5/2020,124,631845
27/5/2020,138,631983
28/5/2020,131,632114
29/5/2020,127,632241
30/5/2020,156,632397
31/5/2020,150,632547
1/6/2020,134,632681
2/6/2020,129,632810
3/6/2020,139,632949
4/6/2020,151,633100
5/6/2020,179,633279
6/6/2020,196,633475
7/6/2020,159,633634
8/6/2020,162,633796
9/6/2020,160,633956
10/6/2020,164,634120
11/6/2020,185,634305
12/6/2020,163,634468
13/6/2020,158,634626
14/6/2020,170,634796
15/6/2020,138,634934
16/6/2020,150,635084
17/6/2020,138,635222
18/6/2020,123,635345
19/6/2020,143,635488
20/6/2020,137,635625
21/6/2020,146,635771
22/6/2020,143,635914
23/6/2020,158,636072
24/6/2020,139,636211
25/6/2020,141,636352
26/6/2020,164,636516
27/6/2020,138,636654
28/6/2020,150,636804
29/6/2020,145,636949
30/6/2020,147,637096
1/7/2020,162,637258
2/7/2020,164,637422
3/7/2020,163,637585
4/7/2020,157,637742
5/7/2020,163,637905
6/7/2020,154,638059
7/7/2020,161,638220
8/7/2020,151,638371
9/7/2020,164,638535
10/7/2020,161,638696
11/7/2020,156,638852
12/7/2020,152,639004
13/7/2020,147,639151
14/7/2020,144,639295
15/7/2020,138,639433
16/7/2020,136,639569
17/7/2020,118,639687
18/7/2020,130,639817
19/7/2020,131,639948
20/7/2020,141,640089
21/7/2020,125,640214
22/7/2020,144,640358
23/7/2020,136,640494
24/7/2020,161,640655
25/7/2020,142,640797
26/7/2020,158,640955
27/7/2020,149,641104
28/7/2020,145,641249
29/7/2020,148,641397
30/7/2020,135,641532
31/7/2020,153,641685
1/8/2020,137,641822
2/8/2020,141,641963
3/8/2020,162,642125
4/8/2020,145,642270
5/8/2020,129,642399
6/8/2020,156,642555
7/8/2020,152,642707
8/8/2020,142,642849
9/8/2020,156,643005
10/8/2020,137,643142
11/8/2020,154,643296
12/8/2020,157,643453
13/8/2020,147,643600
14/8/2020,167,643767
15/8/2020,156,643923
16/8/2020,152,644075
17/8/2020,125,644200
18/8/2020,140,644340
19/8/2020,138,644478
20/8/2020,146,644624
21/8/2020,155,644779
22/8/2020,136,644915
23/8/2020,157,645072
24/8/2020,149,645221
25/8/2020,128,645349
26/8/2020,142,645491
27/8/2020,129,645620
28/8/2020,163,645783
29/8/2020,146,645929
30/8/2020,127,646056
31/8/2020,150,646206
1/9/2020,154,646360
2/9/2020,144,646504
3/9/2020,129,646633
4/9/2020,135,646768
5/9/2020,141,646909
6/9/2020,150,647059
7/9/2020,175,647234
8/9/2020,155,647389
9/9/2020,149,647538
10/9/2020,158,647696
11/9/2020,138,647834
12/9/2020,170,648004
13/9/2020,162,648166
14/9/2020,176,648342
15/9/2020,156,648498
16/9/2020,155,648653
17/9/2020,178,648831
18/9/2020,165,648996
19/9/2020,149,649145
20/9/2020,142,649287
21/9/2020,145,649432
22/9/2020,129,649561
23/9/2020,142,649703
24/9/2020,137,649840
25/9/2020,169,650009
26/9/2020,150,650159
27/9/2020,152,650311
28/9/2020,129,650440
29/9/2020,141,650581
30/9/2020,156,650737
1/10/2020,124,650861
2/10/2020,136,650997
3/10/2020,151,651148
4/10/2020,158,651306
5/10/2020,140,651446
6/10/2020,130,651576
7/10/2020,151,651727
8/10/2020,162,651889
9/10/2020,142,652031
10/10/2020,143,652174
11/10/2020,140,652314
12/10/2020,149,652463
13/10/2020,166,652629
14/10/2020,149,652778
15/10/2020,151,652929
16/10/2020,155,653084
17/10/2020,157,653241
18/10/2020,120,653361
19/10/2020,125,653486
20/10/2020,144,653630
21/10/2020,130,653760
22/10/2020,137,653897
23/10/2020,131,654028
24/10/2020,152,654180
25/10/2020,117,654297
26/10/2020,110,654407
27/10/2020,99,654506
28/10/2020,100,654606
29/10/2020,108,654714
30/10/2020,111,654825
31/10/2020,113,654938
1/11/2020,125,655063
2/11/2020,95,655158
3/11/2020,140,655298
4/11/2020,159,655457
5/11/2020,147,655604
6/11/2020,153,655757
7/11/2020,146,655903
8/11/2020,138,656041
9/11/2020,185,656226
10/11/2020,147,656373
11/11/2020,147,656520
12/11/2020,160,656680
13/11/2020,139,656819
14/11/2020,142,656961
15/11/2020,150,657111
16/11/2020,160,657271
17/11/2020,157,657428
18/11/2020,169,657597
19/11/2020,137,657734
20/11/2020,168,657902
21/11/2020,169,658071
22/11/2020,174,658245
23/11/2020,147,658392
24/11/2020,136,658528
25/11/2020,155,658683
26/11/2020,150,658833
27/11/2020,154,658987
28/11/2020,154,659141
29/11/2020,150,659291
30/11/2020,113,659404
1/12/2020,152,659556
2/12/2020,131,659687
3/12/2020,157,659844
4/12/2020,144,659988
5/12/2020,144,660132
6/12/2020,136,660268
7/12/2020,150,660418
8/12/2020,144,660562
9/12/2020,139,660701
10/12/2020,130,660831
11/12/2020,138,660969
12/12/2020,132,661101
13/12/2020,156,661257
14/12/2020,145,661402
15/12/2020,140,661542
16/12/2020,143,661685
17/12/2020,129,661814
18/12/2020,157,661971
19/12/2020,158,662129
20/12/2020,151,662280
21/12/2020,136,662416
22/12/2020,143,662559
23/12/2020,154,662713
24/12/2020,126,662839
25/12/2020,144,662983
26/12/2020,137,663120
27/12/2020,148,663268
28/12/2020,160,663428
29/12/2020,152,663580
30/12/2020,172,663752
31/12/2020,166,663918
1/1/2021,149,664067
2/1/2021,151,664218
3/1/2021,158,664376
4/1/2021,173,664549
5/1/2021,157,664706
6/1/2021,177,664883
7/1/2021,168,665051
8/1/2021,148,665199
9/1/2021,139,665338
10/1/2021,159,665497
11/1/2021,154,665651
12/1/2021,148,665799
13/1/2021,152,665951
14/1/2021,147,666098
15/1/2021,155,666253
16/1/2021,147,666400
17/1/2021,133,666533
18/1/2021,145,666678
19/1/2021,149,666827
20/1/2021,141,666968
21/1/2021,129,667097
22/1/2021,141,667238
23/1/2021,156,667394
24/1/2021,139,667533
25/1/2021,140,667673
26/1/2021,161,667834
27/1/2021,142,667976
28/1/2021,145,668121
29/1/2021,152,668273
30/1/2021,136,668409
31/1/2021,144,668553
1/2/2021,119,668672
2/2/2021,153,668825
3/2/2021,150,668975
4/2/2021,160,669135
5/2/2021,169,669304
6/2/2021,159,669463
7/2/2021,156,669619
8/2/2021,162,669781
9/2/2021,143,669924
10/2/2021,143,670067
11/2/2021,129,670196
12/2/2021,142,670338
13/2/2021,157,670495
14/2/2021,148,670643
15/2/2021,152,670795
16/2/2021,121,670916
17/2/2021,138,671054
18/2/2021,137,671191
19/2/2021,153,671344
20/2/2021,146,671490
21/2/2021,141,671631
22/2/2021,133,671764
23/2/2021,127,671891
24/2/2021,159,672050
25/2/2021,156,672206
26/2/2021,139,672345
27/2/2021,157,672502
28/2/2021,131,672633
1/3/2021,130,672763
2/3/2021,143,672906
3/3/2021,152,673058
4/3/2021,128,673186
5/3/2021,149,673335
6/3/2021,152,673487
7/3/2021,146,673633
8/3/2021,155,673788
9/3/2021,140,673928
10/3/2021,149,674077
11/3/2021,132,674209
12/3/2021,150,674359
13/3/2021,143,674502
14/3/2021,157,674659
15/3/2021,148,674807
16/3/2021,149,674956
17/3/2021,136,675092
18/3/2021,152,675244
19/3/2021,148,675392
20/3/2021,154,675546
21/3/2021,156,675702
22/3/2021,151,675853
23/3/2021,161,676014
24/3/2021,152,676166
25/3/2021,154,676320
26/3/2021,136,676456
27/3/2021,159,676615
28/3/2021,159,676774
29/3/2021,151,676925
30/3/2021,146,677071
31/3/2021,157,677228
1/4/2021,145,677373
2/4/2021,140,677513
3/4/2021,131,677644
4/4/2021,146,677790
5/4/2021,156,677946
6/4/2021,144,678090
7/4/2021,157,678247
8/4/2021,134,678381
9/4/2021,152,678533
10/4/2021,157,678690
11/4/2021,145,678835
12/4/2021,144,678979
13/4/2021,142,679121
14/4/2021,135,679256
15/4/2021,172,679428
16/4/2021,103,679531
17/4/2021,91,679622
18/4/2021,124,679746
19/4/2021,97,679843
20/4/2021,128,679971
21/4/2021,101,680072
22/4/2021,143,680215
23/4/2021,135,680350
24/4/2021,145,680495
25/4/2021,141,680636
26/4/2021,114,680750
27/4/2021,142,680892
28/4/2021,142,681034
29/4/2021,122,681156
30/4/2021,145,681301
1/5/2021,139,681440
2/5/2021,185,681625
3/5/2021,177,681802
4/5/2021,181,681983
5/5/2021,157,682140
6/5/2021,170,682310
7/5/2021,172,682482
8/5/2021,171,682653
9/5/2021,186,682839
10/5/2021,180,683019
11/5/2021,172,683191
12/5/2021,172,683363
13/5/2021,161,683524
14/5/2021,134,683658
15/5/2021,123,683781
16/5/2021,132,683913
17/5/2021,121,684034
18/5/2021,100,684134
19/5/2021,125,684259
20/5/2021,112,684371
21/5/2021,110,684481
22/5/2021,116,684597
23/5/2021,119,684716
24/5/2021,126,684842
25/5/2021,123,684965
26/5/2021,122,685087
27/5/2021,117,685204
28/5/2021,119,685323
29/5/2021,116,685439
30/5/2021,144,685583
31/5/2021,141,685724
1/6/2021,142,685866
2/6/2021,166,686032
3/6/2021,147,686179
4/6/2021,131,686310
5/6/2021,131,686441
6/6/2021,150,686591
7/6/2021,133,686724
8/6/2021,149,686873
9/6/2021,126,686999
10/6/2021,118,687117
11/6/2021,105,687222
12/6/2021,132,687354
13/6/2021,132,687486
14/6/2021,135,687621
15/6/2021,131,687752
16/6/2021,123,687875
17/6/2021,130,688005
18/6/2021,124,688129
19/6/2021,103,688232
20/6/2021,105,688337
21/6/2021,105,688442
22/6/2021,91,688533
23/6/2021,101,688634
24/6/2021,105,688739
25/6/2021,110,688849
26/6/2021,89,688938
27/6/2021,58,688996
28/6/2021,88,689084
29/6/2021,90,689174
30/6/2021,88,689262
1/7/2021,96,689358
2/7/2021,90,689448
3/7/2021,127,689575
4/7/2021,115,689690
5/7/2021,132,689822
6/7/2021,142,689964
7/7/2021,123,690087
8/7/2021,139,690226
9/7/2021,131,690357
10/7/2021,161,690518
11/7/2021,125,690643
12/7/2021,126,690769
13/7/2021,136,690905
14/7/2021,170,691075
15/7/2021,128,691203
16/7/2021,150,691353
17/7/2021,143,691496
18/7/2021,144,691640
19/7/2021,170,691810
20/7/2021,122,691932
21/7/2021,145,692077
22/7/2021,153,692230
23/7/2021,135,692365
24/7/2021,154,692519
25/7/2021,153,692672
26/7/2021,150,692822
27/7/2021,170,692992
28/7/2021,157,693149
29/7/2021,160,693309
30/7/2021,166,693475
31/7/2021,158,693633
1/8/2021,154,693787
2/8/2021,143,693930
3/8/2021,169,694099
4/8/2021,136,694235
5/8/2021,160,694395
6/8/2021,159,694554
7/8/2021,167,694721
8/8/2021,158,694879
9/8/2021,152,695031
10/8/2021,165,695196
11/8/2021,147,695343
12/8/2021,151,695494
13/8/2021,142,695636
14/8/2021,164,695800
15/8/2021,182,695982
16/8/2021,161,696143
17/8/2021,172,696315
18/8/2021,135,696450
19/8/2021,154,696604
20/8/2021,160,696764
21/8/2021,170,696934
22/8/2021,164,697098
23/8/2021,197,697295
24/8/2021,154,697449
25/8/2021,160,697609
26/8/2021,146,697755
27/8/2021,146,697901
28/8/2021,141,698042
29/8/2021,156,698198
30/8/2021,135,698333
31/8/2021,144,698477
1/9/2021,137,698614
2/9/2021,149,698763
3/9/2021,148,698911
4/9/2021,155,699066
5/9/2021,164,699230
6/9/2021,172,699402
7/9/2021,153,699555
8/9/2021,142,699697
9/9/2021,137,699834
10/9/2021,136,699970
11/9/2021,148,700118
12/9/2021,147,700265
13/9/2021,159,700424
14/9/2021,168,700592
15/9/2021,142,700734
16/9/2021,136,700870
17/9/2021,147,701017
18/9/2021,155,701172
19/9/2021,160,701332
20/9/2021,164,701496
21/9/2021,123,701619
22/9/2021,134,701753
23/9/2021,165,701918
24/9/2021,148,702066
25/9/2021,144,702210
26/9/2021,139,702349
27/9/2021,155,702504
28/9/2021,152,702656
29/9/2021,130,702786
30/9/2021,171,702957
1/10/2021,140,703097
2/10/2021,188,703285
3/10/2021,150,703435
4/10/2021,156,703591
5/10/2021,164,703755
6/10/2021,131,703886
7/10/2021,141,704027
8/10/2021,120,704147
9/10/2021,150,704297
10/10/2021,159,704456
11/10/2021,146,704602
12/10/2021,134,704736
13/10/2021,169,704905
14/10/2021,137,705042
15/10/2021,141,705183
16/10/2021,133,705316
17/10/2021,160,705476
18/10/2021,148,705624
19/10/2021,155,705779
20/10/2021,149,705928
21/10/2021,148,706076
22/10/2021,158,706234
23/10/2021,145,706379
24/10/2021,153,706532
25/10/2021,182,706714
26/10/2021,150,706864
27/10/2021,157,707021
28/10/2021,153,707174
29/10/2021,171,707345
30/10/2021,155,707500
31/10/2021,139,707639
1/11/2021,148,707787
2/11/2021,158,707945
3/11/2021,161,708106
4/11/2021,143,708249
5/11/2021,155,708404
6/11/2021,154,708558
7/11/2021,153,708711
8/11/2021,135,708846
9/11/2021,152,708998
10/11/2021,149,709147
11/11/2021,158,709305
12/11/2021,142,709447
13/11/2021,153,709600
14/11/2021,157,709757
15/11/2021,151,709908
16/11/2021,150,710058
17/11/2021,149,710207
18/11/2021,144,710351
19/11/2021,137,710488
20/11/2021,145,710633
21/11/2021,132,710765
22/11/2021,141,710906
23/11/2021,132,711038
24/11/2021,157,711195
25/11/2021,130,711325
26/11/2021,132,711457
27/11/2021,143,711600
28/11/2021,139,711739
29/11/2021,143,711882
30/11/2021,134,712016
1/12/2021,137,712153
2/12/2021,155,712308
3/12/2021,168,712476
4/12/2021,155,712631
5/12/2021,166,712797
6/12/2021,172,712969
7/12/2021,154,713123
8/12/2021,168,713291
9/12/2021,163,713454
10/12/2021,156,713610
11/12/2021,151,713761
12/12/2021,140,713901
13/12/2021,141,714042
14/12/2021,148,714190
15/12/2021,141,714331
16/12/2021,115,714446
17/12/2021,149,714595
18/12/2021,128,714723
19/12/2021,149,714872
20/12/2021,144,715016
21/12/2021,161,715177
22/12/2021,148,715325
23/12/2021,152,715477
24/12/2021,151,715628
25/12/2021,147,715775
26/12/2021,134,715909
27/12/2021,148,716057
28/12/2021,134,716191
29/12/2021,145,716336
30/12/2021,119,716455
31/12/2021,149,716604
1/1/2022,172,716776
2/1/2022,158,716934
3/1/2022,140,717074
4/1/2022,147,717221
5/1/2022,150,717371
6/1/2022,146,717517
7/1/2022,140,717657
8/1/2022,144,717801
9/1/2022,141,717942
10/1/2022,142,718084
11/1/2022,158,718242
12/1/2022,139,718381
13/1/2022,179,718560
14/1/2022,159,718719
15/1/2022,166,718885
16/1/2022,175,719060
17/1/2022,161,719221
18/1/2022,136,719357
19/1/2022,173,719530
20/1/2022,169,719699
21/1/2022,134,719833
22/1/2022,134,719967
23/1/2022,141,720108
24/1/2022,150,720258
25/1/2022,152,720410
26/1/2022,130,720540
27/1/2022,131,720671
28/1/2022,154,720825
29/1/2022,149,720974
30/1/2022,146,721120
31/1/2022,143,721263
1/2/2022,154,721417
2/2/2022,153,721570
3/2/2022,147,721717
4/2/2022,130,721847
5/2/2022,119,721966
6/2/2022,156,722122
7/2/2022,136,722258
8/2/2022,154,722412
9/2/2022,140,722552
10/2/2022,147,722699
11/2/2022,142,722841
12/2/2022,187,723028
13/2/2022,158,723186
14/2/2022,153,723339
15/2/2022,175,723514
16/2/2022,156,723670
17/2/2022,157,723827
18/2/2022,134,723961
19/2/2022,149,724110
20/2/2022,144,724254
21/2/2022,123,724377
22/2/2022,152,724529
23/2/2022,150,724679
24/2/2022,132,724811
25/2/2022,134,724945
26/2/2022,125,725070
27/2/2022,136,725206
28/2/2022,154,725360
1/3/2022,162,725522
2/3/2022,136,725658
3/3/2022,148,725806
4/3/2022,139,725945
5/3/2022,123,726068
6/3/2022,131,726199
7/3/2022,148,726347
8/3/2022,148,726495
9/3/2022,138,726633
10/3/2022,145,726778
11/3/2022,138,726916
12/3/2022,156,727072
13/3/2022,151,727223
14/3/2022,153,727376
15/3/2022,139,727515
16/3/2022,155,727670
17/3/2022,159,727829
18/3/2022,143,727972
19/3/2022,155,728127
20/3/2022,154,728281
21/3/2022,153,728434
22/3/2022,149,728583
23/3/2022,145,728728
24/3/2022,143,728871
25/3/2022,156,729027
26/3/2022,161,729188
27/3/2022,131,729319
28/3/2022,159,729478
29/3/2022,151,729629
30/3/2022,135,729764
31/3/2022,138,729902
1/4/2022,141,730043
2/4/2022,135,730178
3/4/2022,139,730317
4/4/2022,158,730475
5/4/2022,145,730620
6/4/2022,150,730770
7/4/2022,138,730908
8/4/2022,134,731042
9/4/2022,153,731195
10/4/2022,140,731335
11/4/2022,137,731472
12/4/2022,153,731625
13/4/2022,140,731765
14/4/2022,138,731903
15/4/2022,158,732061
16/4/2022,134,732195
17/4/2022,165,732360
18/4/2022,134,732494
19/4/2022,124,732618
20/4/2022,160,732778
21/4/2022,169,732947
22/4/2022,135,733082
23/4/2022,163,733245
24/4/2022,171,733416
25/4/2022,162,733578
26/4/2022,140,733718
27/4/2022,170,733888
28/4/2022,132,734020
29/4/2022,150,734170
30/4/2022,150,734320
1/5/2022,167,734487
2/5/2022,160,734647
3/5/2022,150,734797
4/5/2022,146,734943
5/5/2022,157,735100
6/5/2022,142,735242
7/5/2022,143,735385
8/5/2022,155,735540
9/5/2022,155,735695
10/5/2022,153,735848
11/5/2022,145,735993
12/5/2022,135,736128
13/5/2022,152,736280
14/5/2022,141,736421
15/5/2022,122,736543
16/5/2022,164,736707
17/5/2022,147,736854
18/5/2022,134,736988
19/5/2022,122,737110
20/5/2022,128,737238
21/5/2022,135,737373
22/5/2022,122,737495
23/5/2022,160,737655
24/5/2022,120,737775
25/5/2022,144,737919
26/5/2022,141,738060
27/5/2022,138,738198
28/5/2022,148,738346
29/5/2022,149,738495
30/5/2022,154,738649
31/5/2022,146,738795
1/6/2022,136,738931
2/6/2022,125,739056
3/6/2022,143,739199
4/6/2022,139,739338
5/6/2022,146,739484
6/6/2022,150,739634
7/6/2022,162,739796
8/6/2022,178,739974
9/6/2022,146,740120
10/6/2022,147,740267
11/6/2022,154,740421
12/6/2022,127,740548
13/6/2022,133,740681
14/6/2022,146,740827
15/6/2022,165,740992
16/6/2022,119,741111
17/6/2022,108,741219
18/6/2022,156,741375
19/6/2022,133,741508
20/6/2022,132,741640
21/6/2022,150,741790
22/6/2022,129,741919
23/6/2022,152,742071
24/6/2022,129,742200
25/6/2022,151,742351
26/6/2022,138,742489
27/6/2022,136,742625
28/6/2022,146,742771
29/6/2022,151,742922
30/6/2022,171,743093
1/7/2022,134,743227
2/7/2022,138,743365
3/7/2022,155,743520
4/7/2022,143,743663
5/7/2022,118,743781
6/7/2022,127,743908
7/7/2022,157,744065
8/7/2022,148,744213
9/7/2022,134,744347
10/7/2022,153,744500
11/7/2022,123,744623
12/7/2022,151,744774
13/7/2022,110,744884
14/7/2022,124,745008
15/7/2022,142,745150
16/7/2022,148,745298
17/7/2022,124,745422
18/7/2022,131,745553
19/7/2022,138,745691
20/7/2022,126,745817
21/7/2022,139,745956
22/7/2022,132,746088
23/7/2022,154,746242
24/7/2022,157,746399
25/7/2022,142,746541
26/7/2022,160,746701
27/7/2022,165,746866
28/7/2022,141,747007
29/7/2022,146,747153
30/7/2022,129,747282
31/7/2022,152,747434
1/8/2022,136,747570
2/8/2022,155,747725
3/8/2022,145,747870
4/8/2022,132,748002
5/8/2022,150,748152
6/8/2022,161,748313
7/8/2022,159,748472
8/8/2022,144,748616
9/8/2022,143,748759
10/8/2022,148,748907
11/8/2022,140,749047
12/8/2022,154,749201
13/8/2022,139,749340
14/8/2022,133,749473
15/8/2022,145,749618
16/8/2022,148,749766
17/8/2022,129,749895
18/8/2022,144,750039
19/8/2022,178,750217
20/8/2022,149,750366
21/8/2022,146,750512
22/8/2022,145,750657
23/8/2022,172,750829
24/8/2022,146,750975
25/8/2022,159,751134
26/8/2022,176,751310
27/8/2022,145,751455
28/8/2022,161,751616
29/8/2022,157,751773
30/8/2022,162,751935
31/8/2022,146,752081
1/9/2022,138,752219
2/9/2022,129,752348
3/9/2022,147,752495
4/9/2022,168,752663
5/9/2022,153,752816
6/9/2022,142,752958
7/9/2022,146,753104
8/9/2022,127,753231
9/9/2022,147,753378
10/9/2022,157,753535
11/9/2022,183,753718
12/9/2022,153,753871
13/9/2022,137,754008
14/9/2022,127,754135
15/9/2022,147,754282
16/9/2022,128,754410
17/9/2022,170,754580
18/9/2022,154,754734
19/9/2022,130,754864
20/9/2022,152,755016
21/9/2022,141,755157
22/9/2022,128,755285
23/9/2022,135,755420
24/9/2022,146,755566
25/9/2022,147,755713
26/9/2022,150,755863
27/9/2022,129,755992
28/9/2022,150,756142
29/9/2022,143,756285
30/9/2022,169,756454
1/10/2022,181,756635
2/10/2022,157,756792
3/10/2022,154,756946
4/10/2022,163,757109
5/10/2022,175,757284
6/10/2022,159,757443
7/10/2022,171,757614
8/10/2022,175,757789
9/10/2022,158,757947
10/10/2022,168,758115
11/10/2022,157,758272
12/10/2022,137,758409
13/10/2022,143,758552
14/10/2022,156,758708
15/10/2022,152,758860
16/10/2022,144,759004
17/10/2022,150,759154
18/10/2022,142,759296
19/10/2022,151,759447
20/10/2022,145,759592
21/10/2022,156,759748
22/10/2022,136,759884
23/10/2022,155,760039
24/10/2022,136,760175
25/10/2022,122,760297
26/10/2022,155,760452
27/10/2022,135,760587
28/10/2022,159,760746
29/10/2022,143,760889
30/10/2022,135,761024
31/10/2022,173,761197
1/11/2022,144,761341
2/11/2022,122,761463
3/11/2022,164,761627
4/11/2022,129,761756
5/11/2022,151,761907
6/11/2022,137,762044
7/11/2022,144,762188
8/11/2022,163,762351
9/11/2022,149,762500
10/11/2022,147,762647
11/11/2022,134,762781
12/11/2022,167,762948
13/11/2022,129,763077
14/11/2022,123,763200
15/11/2022,155,763355
16/11/2022,150,763505
17/11/2022,138,763643
18/11/2022,139,763782
19/11/2022,147,763929
20/11/2022,149,764078
21/11/2022,129,764207
22/11/2022,126,764333
23/11/2022,141,764474
24/11/2022,129,764603
25/11/2022,123,764726
26/11/2022,109,764835
27/11/2022,136,764971
28/11/2022,139,765110
29/11/2022,131,765241
30/11/2022,138,765379
1/12/2022,153,765532
2/12/2022,125,765657
3/12/2022,131,765788
4/12/2022,140,765928
5/12/2022,146,766074
6/12/2022,135,766209
7/12/2022,172,766381
8/12/2022,167,766548
9/12/2022,152,766700
10/12/2022,154,766854
11/12/2022,147,767001
12/12/2022,143,767144
13/12/2022,165,767309
14/12/2022,148,767457
15/12/2022,139,767596
16/12/2022,130,767726
17/12/2022,138,767864
18/12/2022,145,768009
19/12/2022,136,768145
20/12/2022,140,768285
21/12/2022,143,768428
22/12/2022,135,768563
23/12/2022,132,768695
24/12/2022,89,768784
25/12/2022,141,768925
26/12/2022,129,769054
27/12/2022,115,769169
28/12/2022,168,769337
29/12/2022,141,769478
30/12/2022,158,769636
31/12/2022,156,769792
1/1/2023,155,769947
2/1/2023,156,770103
3/1/2023,154,770257
4/1/2023,143,770400
5/1/2023,157,770557
6/1/2023,180,770737
7/1/2023,154,770891
8/1/2023,153,771044
9/1/2023,152,771196
10/1/2023,169,771365
11/1/2023,147,771512
12/1/2023,151,771663
13/1/2023,159,771822
14/1/2023,171,771993
15/1/2023,163,772156
16/1/2023,147,772303
17/1/2023,156,772459
18/1/2023,140,772599
19/1/2023,145,772744
20/1/2023,132,772876
21/1/2023,138,773014
22/1/2023,151,773165
23/1/2023,158,773323
24/1/2023,129,773452
25/1/2023,175,773627
26/1/2023,155,773782
27/1/2023,154,773936
28/1/2023,168,774104
29/1/2023,161,774265
30/1/2023,138,774403
31/1/2023,115,774518
1/2/2023,137,774655
2/2/2023,145,774800
3/2/2023,133,774933
4/2/2023,136,775069
5/2/2023,152,775221
6/2/2023,148,775369
7/2/2023,142,775511
8/2/2023,138,775649
9/2/2023,162,775811
10/2/2023,147,775958
11/2/2023,148,776106
12/2/2023,162,776268
13/2/2023,156,776424
14/2/2023,154,776578
15/2/2023,163,776741
16/2/2023,179,776920
17/2/2023,165,777085
18/2/2023,168,777253
19/2/2023,162,777415
20/2/2023,147,777562
21/2/2023,167,777729
22/2/2023,140,777869
23/2/2023,171,778040
24/2/2023,135,778175
25/2/2023,107,778282
26/2/2023,168,778450
27/2/2023,140,778590
28/2/2023,137,778727
1/3/2023,170,778897
2/3/2023,144,779041
3/3/2023,168,779209
4/3/2023,152,779361
5/3/2023,155,779516
6/3/2023,132,779648
7/3/2023,165,779813
8/3/2023,133,779946
9/3/2023,135,780081
10/3/2023,136,780217
11/3/2023,165,780382
12/3/2023,161,780543
13/3/2023,157,780700
14/3/2023,146,780846
15/3/2023,147,780993
16/3/2023,134,781127
17/3/2023,147,781274
18/3/2023,162,781436
19/3/2023,148,781584
20/3/2023,154,781738
21/3/2023,145,781883
22/3/2023,159,782042
23/3/2023,183,782225
24/3/2023,162,782387
25/3/2023,145,782532
26/3/2023,144,782676
27/3/2023,148,782824
28/3/2023,134,782958
29/3/2023,147,783105
30/3/2023,155,783260
31/3/2023,141,783401
1/4/2023,140,783541
2/4/2023,149,783690
3/4/2023,131,783821
4/4/2023,162,783983
5/4/2023,139,784122
6/4/2023,160,784282
7/4/2023,142,784424
8/4/2023,147,784571
9/4/2023,146,784717
10/4/2023,123,784840
11/4/2023,154,784994
12/4/2023,160,785154
13/4/2023,142,785296
14/4/2023,140,785436
15/4/2023,158,785594
16/4/2023,124,785718
17/4/2023,155,785873
18/4/2023,166,786039
19/4/2023,139,786178
20/4/2023,133,786311
21/4/2023,145,786456
22/4/2023,149,786605
23/4/2023,147,786752
24/4/2023,141,786893
25/4/2023,125,787018
26/4/2023,130,787148
27/4/2023,130,787278
28/4/2023,147,787425
29/4/2023,137,787562
30/4/2023,148,787710
1/5/2023,182,787892
2/5/2023,129,788021
3/5/2023,141,788162
4/5/2023,146,788308
5/5/2023,119,788427
6/5/2023,149,788576
7/5/2023,139,788715
8/5/2023,137,788852
9/5/2023,151,789003
10/5/2023,170,789173
11/5/2023,151,789324
12/5/2023,141,789465
13/5/2023,145,789610
14/5/2023,174,789784
15/5/2023,147,789931
16/5/2023,153,790084
17/5/2023,160,790244
18/5/2023,141,790385
19/5/2023,150,790535
20/5/2023,131,790666
21/5/2023,151,790817
22/5/2023,144,790961
23/5/2023,154,791115
24/5/2023,141,791256
25/5/2023,151,791407
26/5/2023,153,791560
27/5/2023,145,791705
28/5/2023,160,791865
29/5/2023,162,792027
30/5/2023,154,792181
31/5/2023,141,792322
1/6/2023,132,792454
2/6/2023,164,792618
3/6/2023,130,792748
4/6/2023,148,792896
5/6/2023,138,793034
6/6/2023,151,793185
7/6/2023,135,793320
8/6/2023,154,793474
9/6/2023,169,793643
10/6/2023,154,793797
11/6/2023,163,793960
12/6/2023,157,794117
13/6/2023,147,794264
14/6/2023,121,794385
15/6/2023,148,794533
16/6/2023,153,794686
17/6/2023,140,794826
18/6/2023,151,794977
19/6/2023,142,795119
20/6/2023,136,795255
21/6/2023,121,795376
22/6/2023,137,795513
23/6/2023,125,795638
24/6/2023,146,795784
25/6/2023,153,795937
26/6/2023,146,796083
27/6/2023,140,796223
28/6/2023,108,796331
29/6/2023,146,796477
30/6/2023,158,796635
1/7/2023,133,796768
2/7/2023,171,796939
3/7/2023,137,797076
4/7/2023,141,797217
5/7/2023,156,797373
6/7/2023,139,797512
7/7/2023,175,797687
8/7/2023,178,797865
9/7/2023,169,798034
10/7/2023,154,798188
11/7/2023,135,798323
12/7/2023,144,798467
13/7/2023,120,798587
14/7/2023,138,798725
15/7/2023,138,798863
16/7/2023,155,799018
17/7/2023,136,799154
18/7/2023,162,799316
19/7/2023,148,799464
20/7/2023,128,799592
21/7/2023,112,799704
22/7/2023,134,799838
23/7/2023,147,799985
24/7/2023,150,800135
25/7/2023,138,800273
26/7/2023,144,800417
27/7/2023,138,800555
28/7/2023,140,800695
29/7/2023,132,800827
30/7/2023,168,800995
31/7/2023,141,801136
1/8/2023,139,801275
2/8/2023,154,801429
3/8/2023,151,801580
4/8/2023,121,801701
5/8/2023,154,801855
6/8/2023,164,802019
7/8/2023,146,802165
8/8/2023,125,802290
9/8/2023,162,802452
10/8/2023,127,802579
11/8/2023,151,802730
12/8/2023,167,802897
13/8/2023,135,803032
14/8/2023,171,803203
15/8/2023,171,803374
16/8/2023,163,803537
17/8/2023,156,803693
18/8/2023,139,803832
19/8/2023,140,803972
20/8/2023,162,804134
21/8/2023,165,804299
22/8/2023,143,804442
23/8/2023,142,804584
24/8/2023,139,804723
25/8/2023,135,804858
26/8/2023,137,804995
27/8/2023,116,805111
28/8/2023,118,805229
29/8/2023,158,805387
30/8/2023,126,805513
31/8/2023,144,805657
1/9/2023,151,805808
2/9/2023,152,805960
3/9/2023,158,806118
4/9/2023,149,806267
5/9/2023,124,806391
6/9/2023,135,806526
7/9/2023,146,806672
8/9/2023,133,806805
9/9/2023,151,806956
10/9/2023,147,807103
11/9/2023,159,807262
12/9/2023,141,807403
13/9/2023,147,807550
14/9/2023,162,807712
15/9/2023,188,807900
16/9/2023,155,808055
17/9/2023,149,808204
18/9/2023,156,808360
19/9/2023,139,808499
20/9/2023,146,808645
21/9/2023,138,808783
22/9/2023,129,808912
23/9/2023,156,809068
24/9/2023,146,809214
25/9/2023,145,809359
26/9/2023,136,809495
27/9/2023,157,809652
28/9/2023,146,809798
29/9/2023,147,809945
30/9/2023,138,810083
1/10/2023,141,810224
2/10/2023,157,810381
3/10/2023,164,810545
4/10/2023,131,810676
5/10/2023,141,810817
6/10/2023,160,810977
7/10/2023,171,811148
8/10/2023,148,811296
9/10/2023,156,811452
10/10/2023,162,811614
11/10/2023,160,811774
12/10/2023,165,811939
13/10/2023,138,812077
14/10/2023,146,812223
15/10/2023,167,812390
16/10/2023,141,812531
17/10/2023,162,812693
18/10/2023,145,812838
19/10/2023,140,812978
20/10/2023,134,813112
21/10/2023,150,813262
22/10/2023,153,813415
23/10/2023,157,813572
24/10/2023,126,813698
25/10/2023,144,813842
26/10/2023,150,813992
27/10/2023,154,814146
28/10/2023,160,814306
29/10/2023,137,814443
30/10/2023,156,814599
31/10/2023,155,814754
1/11/2023,149,814903
2/11/2023,144,815047
3/11/2023,136,815183
4/11/2023,168,815351
5/11/2023,163,815514
6/11/2023,127,815641
7/11/2023,133,815774
8/11/2023,149,815923
9/11/2023,143,816066
10/11/2023,154,816220
11/11/2023,160,816380
12/11/2023,161,816541
13/11/2023,121,816662
14/11/2023,138,816800
15/11/2023,148,816948
16/11/2023,148,817096
17/11/2023,150,817246
18/11/2023,149,817395
19/11/2023,170,817565
20/11/2023,166,817731
21/11/2023,152,817883
22/11/2023,142,818025
23/11/2023,147,818172
24/11/2023,168,818340
25/11/2023,159,818499
26/11/2023,146,818645
27/11/2023,130,818775
28/11/2023,147,818922
29/11/2023,136,819058
30/11/2023,134,819192
1/12/2023,169,819361
2/12/2023,127,819488
3/12/2023,165,819653
4/12/2023,155,819808
5/12/2023,138,819946
6/12/2023,136,820082
7/12/2023,115,820197
8/12/2023,135,820332
9/12/2023,157,820489
10/12/2023,140,820629
11/12/2023,158,820787
12/12/2023,144,820931
13/12/2023,149,821080
14/12/2023,146,821226
15/12/2023,163,821389
16/12/2023,152,821541
17/12/2023,150,821691
18/12/2023,168,821859
19/12/2023,162,822021
20/12/2023,145,822166
21/12/2023,146,822312
22/12/2023,168,822480
23/12/2023,160,822640
24/12/2023,171,822811
25/12/2023,139,822950
26/12/2023,139,823089
27/12/2023,129,823218
28/12/2023,121,823339
29/12/2023,151,823490
30/12/2023,145,823635
31/12/2023,156,823791
1/1/2024,155,823946
2/1/2024,131,824077
3/1/2024,158,824235
4/1/2024,170,824405
5/1/2024,138,824543
6/1/2024,140,824683
7/1/2024,118,824801
8/1/2024,123,824924
9/1/2024,152,825076
10/1/2024,133,825209
11/1/2024,173,825382
12/1/2024,168,825550
13/1/2024,159,825709
14/1/2024,128,825837
15/1/2024,114,825951
16/1/2024,125,826076
17/1/2024,121,826197
18/1/2024,142,826339
19/1/2024,132,826471
20/1/2024,143,826614
21/1/2024,140,826754
22/1/2024,160,826914
23/1/2024,154,827068
24/1/2024,150,827218
25/1/2024,181,827399
26/1/2024,152,827551
27/1/2024,171,827722
28/1/2024,160,827882
29/1/2024,156,828038
30/1/2024,144,828182
31/1/2024,131,828313
1/2/2024,153,828466
2/2/2024,188,828654
3/2/2024,151,828805
4/2/2024,155,828960
5/2/2024,156,829116
6/2/2024,170,829286
7/2/2024,160,829446
8/2/2024,138,829584
9/2/2024,166,829750
10/2/2024,152,829902
11/2/2024,137,830039
12/2/2024,179,830218
13/2/2024,135,830353
14/2/2024,139,830492
15/2/2024,157,830649
16/2/2024,134,830783
17/2/2024,150,830933
18/2/2024,121,831054
19/2/2024,136,831190
20/2/2024,141,831331
21/2/2024,138,831469
22/2/2024,135,831604
23/2/2024,159,831763
24/2/2024,137,831900
25/2/2024,164,832064
26/2/2024,133,832197
27/2/2024,129,832326
28/2/2024,149,832475
29/2/2024,133,832608
1/3/2024,154,832762
2/3/2024,127,832889
3/3/2024,155,833044
4/3/2024,129,833173
5/3/2024,167,833340
6/3/2024,140,833480
7/3/2024,180,833660
8/3/2024,154,833814
9/3/2024,163,833977
10/3/2024,143,834120
11/3/2024,170,834290
12/3/2024,141,834431
13/3/2024,160,834591
14/3/2024,141,834732
15/3/2024,127,834859
16/3/2024,144,835003
17/3/2024,146,835149
18/3/2024,144,835293
19/3/2024,157,835450
20/3/2024,149,835599
21/3/2024,120,835719
22/3/2024,135,835854
23/3/2024,156,836010
24/3/2024,170,836180
25/3/2024,132,836312
26/3/2024,134,836446
27/3/2024,136,836582
28/3/2024,152,836734
29/3/2024,144,836878
30/3/2024,155,837033
31/3/2024,137,837170
1/4/2024,150,837320
2/4/2024,148,837468
3/4/2024,142,837610
4/4/2024,138,837748
5/4/2024,148,837896
6/4/2024,155,838051
7/4/2024,170,838221
8/4/2024,158,838379
9/4/2024,146,838525
10/4/2024,151,838676
11/4/2024,132,838808
12/4/2024,136,838944
13/4/2024,164,839108
14/4/2024,157,839265
15/4/2024,141,839406
16/4/2024,165,839571
17/4/2024,137,839708
18/4/2024,145,839853
19/4/2024,146,839999
20/4/2024,135,840134
21/4/2024,140,840274
22/4/2024,152,840426
23/4/2024,168,840594
24/4/2024,155,840749
25/4/2024,143,840892
26/4/2024,133,841025
27/4/2024,140,841165
28/4/2024,140,841305
29/4/2024,131,841436
30/4/2024,141,841577
1/5/2024,132,841709
2/5/2024,145,841854
3/5/2024,129,841983
4/5/2024,141,842124
5/5/2024,139,842263
6/5/2024,122,842385
7/5/2024,122,842507
8/5/2024,127,842634
9/5/2024,145,842779
10/5/2024,145,842924
11/5/2024,159,843083
12/5/2024,132,843215
13/5/2024,147,843362
14/5/2024,136,843498
15/5/2024,141,843639
16/5/2024,142,843781
17/5/2024,155,843936
18/5/2024,128,844064
19/5/2024,154,844218
20/5/2024,156,844374
21/5/2024,138,844512
22/5/2024,153,844665
23/5/2024,169,844834
24/5/2024,160,844994
25/5/2024,160,845154
26/5/2024,168,845322
27/5/2024,123,845445
28/5/2024,134,845579
29/5/2024,137,845716
30/5/2024,123,845839
31/5/2024,148,845987
1/6/2024,141,846128
2/6/2024,140,846268
3/6/2024,157,846425
4/6/2024,134,846559
5/6/2024,123,846682
6/6/2024,133,846815
7/6/2024,142,846957
8/6/2024,172,847129
9/6/2024,153,847282
10/6/2024,139,847421
11/6/2024,123,847544
12/6/2024,146,847690
13/6/2024,145,847835
14/6/2024,128,847963
15/6/2024,134,848097
16/6/2024,163,848260
17/6/2024,140,848400
18/6/2024,152,848552
19/6/2024,137,848689
20/6/2024,133,848822
21/6/2024,140,848962
22/6/2024,152,849114
23/6/2024,112,849226
24/6/2024,152,849378
25/6/2024,124,849502
26/6/2024,121,849623
27/6/2024,130,849753
28/6/2024,135,849888
29/6/2024,157,850045
30/6/2024,121,850166
1/7/2024,141,850307
2/7/2024,148,850455
3/7/2024,145,850600
4/7/2024,140,850740
5/7/2024,121,850861
6/7/2024,165,851026
7/7/2024,141,851167
8/7/2024,159,851326
9/7/2024,154,851480
10/7/2024,136,851616
11/7/2024,140,851756
12/7/2024,150,851906
13/7/2024,154,852060
14/7/2024,167,852227
15/7/2024,153,852380
16/7/2024,147,852527
17/7/2024,159,852686
18/7/2024,129,852815
19/7/2024,147,852962
20/7/2024,165,853127
21/7/2024,169,853296
22/7/2024,179,853475
23/7/2024,169,853644
24/7/2024,140,853784
25/7/2024,163,853947
26/7/2024,160,854107
27/7/2024,154,854261
28/7/2024,148,854409
29/7/2024,178,854587
30/7/2024,150,854737
31/7/2024,141,854878
1/8/2024,140,855018
2/8/2024,125,855143
3/8/2024,135,855278
4/8/2024,143,855421
5/8/2024,156,855577
6/8/2024,140,855717
7/8/2024,122,855839
8/8/2024,129,855968
9/8/2024,130,856098
10/8/2024,129,856227
11/8/2024,161,856388
12/8/2024,137,856525
13/8/2024,149,856674
14/8/2024,132,856806
15/8/2024,160,856966
16/8/2024,142,857108
17/8/2024,149,857257
18/8/2024,156,857413
19/8/2024,130,857543
20/8/2024,150,857693
21/8/2024,147,857840
22/8/2024,160,858000
23/8/2024,164,858164
24/8/2024,153,858317
25/8/2024,133,858450
26/8/2024,134,858584
27/8/2024,142,858726
28/8/2024,161,858887
29/8/2024,132,859019
30/8/2024,142,859161
31/8/2024,147,859308
1/9/2024,142,859450
2/9/2024,167,859617
3/9/2024,149,859766
4/9/2024,151,859917
5/9/2024,155,860072
6/9/2024,145,860217
7/9/2024,158,860375
8/9/2024,167,860542
9/9/2024,145,860687
10/9/2024,137,860824
11/9/2024,108,860932
12/9/2024,152,861084
13/9/2024,123,861207
14/9/2024,139,861346
15/9/2024,151,861497
16/9/2024,125,861622
17/9/2024,150,861772
18/9/2024,138,861910
19/9/2024,122,862032
20/9/2024,145,862177
21/9/2024,135,862312
22/9/2024,136,862448
23/9/2024,146,862594
24/9/2024,145,862739
25/9/2024,144,862883
26/9/2024,130,863013
27/9/2024,137,863150
28/9/2024,129,863279
29/9/2024,155,863434
30/9/2024,137,863571
1/10/2024,157,863728
2/10/2024,155,863883
3/10/2024,158,864041
4/10/2024,169,864210
5/10/2024,151,864361
6/10/2024,152,864513
7/10/2024,155,864668
8/10/2024,167,864835
9/10/2024,127,864962
10/10/2024,155,865117
11/10/2024,140,865257
12/10/2024,143,865400
13/10/2024,138,865538
14/10/2024,139,865677
15/10/2024,156,865833
16/10/2024,141,865974
17/10/2024,157,866131
18/10/2024,136,866267
19/10/2024,173,866440
20/10/2024,173,866613
21/10/2024,171,866784
22/10/2024,138,866922
23/10/2024,151,867073
24/10/2024,147,867220
25/10/2024,153,867373
26/10/2024,146,867519
27/10/2024,161,867680
28/10/2024,168,867848
29/10/2024,157,868005
30/10/2024,169,868174
31/10/2024,158,868332
1/11/2024,153,868485
2/11/2024,141,868626
3/11/2024,132,868758
4/11/2024,151,868909
5/11/2024,139,869048
6/11/2024,153,869201
7/11/2024,156,869357
8/11/2024,142,869499
9/11/2024,139,869638
10/11/2024,148,869786
11/11/2024,136,869922
12/11/2024,146,870068
13/11/2024,138,870206
14/11/2024,127,870333
15/11/2024,150,870483
16/11/2024,157,870640
17/11/2024,150,870790
18/11/2024,156,870946
19/11/2024,175,871121
20/11/2024,147,871268
21/11/2024,144,871412
22/11/2024,143,871555
23/11/2024,138,871693
24/11/2024,134,871827
25/11/2024,169,871996
26/11/2024,139,872135
27/11/2024,133,872268
28/11/2024,142,872410
29/11/2024,121,872531
30/11/2024,164,872695
1/12/2024,158,872853
2/12/2024,127,872980
3/12/2024,157,873137
4/12/2024,147,873284
5/12/2024,155,873439
6/12/2024,136,873575
7/12/2024,142,873717
8/12/2024,146,873863
9/12/2024,167,874030
10/12/2024,154,874184
11/12/2024,142,874326
12/12/2024,148,874474
13/12/2024,170,874644
14/12/2024,159,874803
15/12/2024,137,874940
16/12/2024,148,875088
17/12/2024,136,875224
18/12/2024,144,875368
19/12/2024,145,875513
20/12/2024,151,875664
21/12/2024,145,875809
22/12/2024,155,875964
23/12/2024,139,876103
24/12/2024,132,876235
25/12/2024,151,876386
26/12/2024,131,876517
27/12/2024,158,876675
28/12/2024,143,876818
29/12/2024,158,876976
30/12/2024,159,877135
31/12/2024,129,877264
1/1/2025,140,877404
2/1/2025,167,877571
3/1/2025,142,877713
4/1/2025,149,877862
5/1/2025,156,878018
6/1/2025,133,878151
7/1/2025,134,878285
8/1/2025,125,878410
9/1/2025,152,878562
10/1/2025,142,878704
11/1/2025,138,878842
12/1/2025,172,879014
13/1/2025,128,879142
14/1/2025,154,879296
15/1/2025,139,879435
16/1/2025,128,879563
17/1/2025,150,879713
18/1/2025,130,879843
19/1/2025,150,879993
20/1/2025,152,880145
21/1/2025,133,880278
22/1/2025,150,880428
23/1/2025,136,880564
24/1/2025,140,880704
25/1/2025,128,880832
26/1/2025,137,880969
27/1/2025,156,881125
28/1/2025,148,881273
29/1/2025,155,881428
30/1/2025,145,881573
31/1/2025,125,881698
1/2/2025,184,881882
2/2/2025,171,882053
3/2/2025,153,882206
4/2/2025,131,882337
5/2/2025,144,882481
6/2/2025,145,882626
7/2/2025,173,882799
8/2/2025,160,882959
9/2/2025,143,883102
10/2/2025,139,883241
11/2/2025,124,883365
12/2/2025,133,883498
13/2/2025,158,883656
14/2/2025,152,883808
15/2/2025,160,883968
16/2/2025,151,884119
17/2/2025,137,884256
18/2/2025,140,884396
19/2/2025,126,884522
20/2/2025,130,884652
21/2/2025,129,884781
22/2/2025,139,884920
23/2/2025,129,885049
24/2/2025,130,885179
25/2/2025,147,885326
26/2/2025,157,885483
27/2/2025,150,885633
28/2/2025,156,885789
1/3/2025,144,885933
2/3/2025,126,886059
3/3/2025,150,886209
4/3/2025,146,886355
5/3/2025,134,886489
6/3/2025,170,886659
7/3/2025,142,886801
8/3/2025,137,886938
9/3/2025,159,887097
10/3/2025,154,887251
11/3/2025,138,887389
12/3/2025,153,887542
13/3/2025,159,887701
14/3/2025,142,887843
15/3/2025,132,887975
16/3/2025,145,888120
17/3/2025,140,888260
18/3/2025,142,888402
19/3/2025,152,888554
20/3/2025,142,888696
21/3/2025,145,888841
22/3/2025,150,888991
23/3/2025,156,889147
24/3/2025,154,889301
25/3/2025,149,889450
26/3/2025,152,889602
27/3/2025,148,889750
28/3/2025,154,889904
29/3/2025,141,890045
30/3/2025,137,890182
31/3/2025,148,890330
1/4/2025,135,890465
2/4/2025,172,890637
3/4/2025,152,890789
4/4/2025,180,890969
5/4/2025,164,891133
6/4/2025,145,891278
7/4/2025,145,891423
8/4/2025,153,891576
9/4/2025,131,891707
10/4/2025,144,891851
11/4/2025,148,891999
12/4/2025,144,892143
13/4/2025,172,892315
14/4/2025,149,892464
15/4/2025,144,892608
16/4/2025,148,892756